1723376259431 0.6576528549194336 0
1723376259636 0.79841148853302 1
1723376259824 0.7067938446998596 2
1723376259998 0.36836758255958557 3
1723376260171 0.38521918654441833 4
1723376260357 0.39745697379112244 5
1723376260575 0.2994975745677948 6
1723376260755 0.3714595139026642 7
1723376260941 0.26314520835876465 8
1723376261103 0.44996175169944763 9
1723376261267 0.3893396854400635 10
1723376261438 0.3318902254104614 11
1723376261599 0.28406015038490295 12
1723376261758 0.16229398548603058 13
1723376261923 0.2088664472103119 14
1723376262091 0.262564480304718 15
1723376262251 0.18103449046611786 16
1723376262412 0.3953979015350342 17
1723376262586 0.44716691970825195 18
1723376262747 0.2956600785255432 19
1723376262913 0.2513231933116913 20
1723376263086 0.3518081307411194 21
1723376263262 0.26147422194480896 22
1723376263476 0.25011563301086426 23
1723376263728 0.2900642454624176 24
1723376263977 0.3088955879211426 25
1723376264222 0.3430987596511841 26
1723376264469 0.2520867586135864 27
1723376264730 0.3109996020793915 28
1723376264978 0.26227694749832153 29
1723376265227 0.3585233986377716 30
1723376265478 0.2173670530319214 31
1723376265731 0.4370868504047394 32
1723376265983 0.1935030072927475 33
1723376266231 0.28009098768234253 34
1723376266482 0.2603664994239807 35
1723376266741 0.39063185453414917 36
1723376266997 0.29158273339271545 37
1723376267245 0.22744226455688477 38
1723376267497 0.3369995951652527 39
1723376267754 0.2624959349632263 40
1723376268009 0.21326521039009094 41
1723376268257 0.25472292304039 42
1723376268509 0.19046181440353394 43
1723376268755 0.15735161304473877 44
1723376269015 0.24144989252090454 45
1723376269265 0.14323842525482178 46
1723376269513 0.22091057896614075 47
1723376269761 0.2074979543685913 48
1723376270024 0.1851910501718521 49
1723376270274 0.18914172053337097 50
1723376270521 0.18727070093154907 51
1723376270797 0.109578438103199 52
1723376271056 0.17619368433952332 53
1723376271308 0.21311043202877045 54
1723376271558 0.15950658917427063 55
1723376271807 0.16736917197704315 56
1723376272061 0.23462173342704773 57
1723376272310 0.18043869733810425 58
1723376272560 0.14283517003059387 59
1723376272809 0.18100503087043762 60
1723376273063 0.1746411919593811 61
1723376273317 0.17029325664043427 62
1723376273566 0.16042691469192505 63
1723376273812 0.16246366500854492 64
1723376274064 0.1488325446844101 65
1723376274319 0.2725868821144104 66
1723376274567 0.22469907999038696 67
1723376274817 0.17183873057365417 68
1723376275065 0.15072891116142273 69
1723376275324 0.15816974639892578 70
1723376275574 0.12892189621925354 71
1723376275822 0.1528308242559433 72
1723376276077 0.15012016892433167 73
1723376276344 0.150010883808136 74
1723376276592 0.240447536110878 75
1723376276842 0.15107519924640656 76
1723376277092 0.20513586699962616 77
1723376277343 0.17565152049064636 78
1723376277594 0.19684210419654846 79
1723376277848 0.188260018825531 80
1723376278103 0.23811432719230652 81
1723376278362 0.16357910633087158 82
1723376278613 0.1505693644285202 83
1723376278866 0.13983426988124847 84
1723376279121 0.15562021732330322 85
1723376279369 0.18817943334579468 86
1723376279627 0.1941671371459961 87
1723376279879 0.17476540803909302 88
1723376280139 0.18072934448719025 89
1723376280390 0.2057894468307495 90
1723376280649 0.214874267578125 91
1723376280956 0.19574537873268127 92
1723376281210 0.14940132200717926 93
1723376281458 0.21350476145744324 94
1723376281715 0.22343696653842926 95
1723376281963 0.15342527627944946 96
1723376282214 0.22598829865455627 97
1723376282461 0.18187925219535828 98
1723376282725 0.10512339323759079 99
1723376282975 0.1510225385427475 100
1723376283227 0.18799954652786255 101
1723376283480 0.15381255745887756 102
1723376283737 0.15300223231315613 103
1723376283990 0.2512069344520569 104
1723376284238 0.23694011569023132 105
1723376284484 0.1699267327785492 106
1723376284744 0.1322564333677292 107
1723376285012 0.15207499265670776 108
1723376285259 0.13312898576259613 109
1723376285507 0.11430303752422333 110
1723376285760 0.111689493060112 111
1723376286014 0.14414875209331512 112
1723376286265 0.14294548332691193 113
1723376286513 0.14912445843219757 114
1723376286763 0.30360734462738037 115
1723376287022 0.14560943841934204 116
1723376287269 0.20348763465881348 117
1723376287517 0.13740360736846924 118
1723376287769 0.11780160665512085 119
1723376288031 0.15750226378440857 120
1723376288281 0.10364445298910141 121
1723376288528 0.12533941864967346 122
1723376288779 0.14438869059085846 123
1723376289038 0.13061241805553436 124
1723376289289 0.18597421050071716 125
1723376289536 0.12409721314907074 126
1723376289787 0.17058947682380676 127
1723376290042 0.10044253617525101 128
1723376290289 0.21011149883270264 129
1723376290536 0.22548460960388184 130
1723376290809 0.1552511751651764 131
1723376291068 0.17407077550888062 132
1723376291322 0.2196206897497177 133
1723376291570 0.14405305683612823 134
1723376291820 0.10195795446634293 135
1723376292074 0.14991998672485352 136
1723376292330 0.17249546945095062 137
1723376292582 0.15998101234436035 138
1723376292830 0.11131870746612549 139
1723376293081 0.2738071084022522 140
1723376293355 0.10116750001907349 141
1723376293603 0.1723882257938385 142
1723376293856 0.17969730496406555 143
1723376294104 0.21407002210617065 144
1723376294361 0.12499909102916718 145
1723376294610 0.1552533209323883 146
1723376294859 0.2210053950548172 147
1723376295112 0.11316835880279541 148
1723376295364 0.19344890117645264 149
1723376295616 0.14193934202194214 150
1723376295869 0.18981626629829407 151
1723376296116 0.18562141060829163 152
1723376296374 0.26617419719696045 153
1723376296628 0.1153843104839325 154
1723376296907 0.1255401074886322 155
1723376297543 0.13008615374565125 156
1723376297802 0.1536436825990677 157
1723376298054 0.13212332129478455 158
1723376298308 0.16118568181991577 159
1723376298567 0.1556871235370636 160
1723376298821 0.09245030581951141 161
1723376299076 0.16225981712341309 162
1723376299334 0.13187871873378754 163
1723376299599 0.16446685791015625 164
1723376299850 0.13134926557540894 165
1723376300104 0.1332506686449051 166
1723376300351 0.13352443277835846 167
1723376300608 0.11955524981021881 168
1723376300888 0.17601560056209564 169
1723376301143 0.13038617372512817 170
1723376301397 0.12955060601234436 171
1723376301658 0.17939892411231995 172
1723376301907 0.1345929503440857 173
1723376302159 0.14200957119464874 174
1723376302449 0.1545056402683258 175
1723376302807 0.10689268261194229 176
1723376303061 0.13476711511611938 177
1723376303311 0.14766865968704224 178
1723376303568 0.11100427806377411 179
1723376303835 0.18312783539295197 180
1723376304089 0.21783161163330078 181
1723376304339 0.11798840016126633 182
1723376304579 0.13497459888458252 183
1723376304827 0.169597327709198 184
1723376305083 0.17933817207813263 185
1723376305329 0.1616935133934021 186
1723376305573 0.1237686276435852 187
1723376305826 0.13814915716648102 188
1723376306072 0.10106703639030457 189
1723376306319 0.14195284247398376 190
1723376306563 0.12011843919754028 191
1723376306813 0.1826166808605194 192
1723376307067 0.09947694838047028 193
1723376307317 0.100912906229496 194
1723376307561 0.162349134683609 195
1723376307808 0.21331773698329926 196
1723376308062 0.17189612984657288 197
1723376308314 0.10078921914100647 198
1723376308557 0.1362239569425583 199
1723376308809 0.185047447681427 200
1723376309064 0.19770172238349915 201
1723376309314 0.13504889607429504 202
1723376309559 0.16533946990966797 203
1723376309809 0.10173579305410385 204
1723376310055 0.12434293329715729 205
1723376310303 0.1916707307100296 206
1723376310546 0.10737057775259018 207
1723376310792 0.16002818942070007 208
1723376311067 0.11257591843605042 209
1723376311315 0.21542240679264069 210
1723376311556 0.19065231084823608 211
1723376311807 0.17795535922050476 212
1723376312051 0.130622997879982 213
1723376312309 0.27436363697052 214
1723376312554 0.12146128714084625 215
1723376312805 0.15430721640586853 216
1723376313043 0.13263559341430664 217
1723376313292 0.1821748912334442 218
1723376313547 0.10544688999652863 219
1723376313807 0.1806865930557251 220
1723376314048 0.13420403003692627 221
1723376314300 0.1286965012550354 222
1723376314548 0.1629047393798828 223
1723376314797 0.1682390570640564 224
1723376315043 0.10291855037212372 225
1723376315289 0.14321529865264893 226
1723376315541 0.2150254249572754 227
1723376315791 0.09929800033569336 228
1723376316033 0.12257492542266846 229
1723376316288 0.33892691135406494 230
1723376316575 0.13805708289146423 231
1723376316889 0.13692712783813477 232
1723376317328 0.12958228588104248 233
1723376317757 0.12489774823188782 234
1723376318043 0.13308635354042053 235
1723376318369 0.13263137638568878 236
1723376318721 0.17313683032989502 237
1723376318996 0.12136323750019073 238
1723376319249 0.1103319525718689 239
1723376319514 0.15645360946655273 240
1723376319796 0.1397603154182434 241
1723376320091 0.11349067091941833 242
1723376320377 0.09860809892416 243
1723376320663 0.13186635076999664 244
1723376320930 0.1475856602191925 245
1723376321229 0.10579605400562286 246
1723376321496 0.13195136189460754 247
1723376321767 0.15533408522605896 248
1723376322036 0.11675721406936646 249
1723376322317 0.14154775440692902 250
1723376322631 0.11196796596050262 251
1723376322998 0.119545578956604 252
1723376323270 0.0838971734046936 253
1723376323547 0.10766444355249405 254
1723376323830 0.11559230089187622 255
1723376324122 0.10101833939552307 256
1723376324405 0.0787588432431221 257
1723376324748 0.17169587314128876 258
1723376325105 0.12663818895816803 259
1723376325378 0.13900724053382874 260
1723376325653 0.13855789601802826 261
1723376325919 0.14793792366981506 262
1723376326185 0.10099062323570251 263
1723376326507 0.14127236604690552 264
1723376327815 0.13663266599178314 265
1723376328108 0.1679110825061798 266
1723376328370 0.12224093079566956 267
1723376328642 0.12110966444015503 268
1723376328900 0.15103653073310852 269
1723376329156 0.14755448698997498 270
1723376329407 0.17074677348136902 271
1723376329658 0.15732622146606445 272
1723376329910 0.09414394199848175 273
1723376330165 0.1533198207616806 274
1723376330420 0.11699818074703217 275
1723376330675 0.10317328572273254 276
1723376330928 0.13643118739128113 277
1723376331227 0.09384958446025848 278
1723376331480 0.16148991882801056 279
1723376331731 0.13884237408638 280
1723376331982 0.24295593798160553 281
1723376332234 0.14265376329421997 282
1723376332490 0.11701543629169464 283
1723376332740 0.10780954360961914 284
1723376332991 0.2034400999546051 285
1723376333245 0.13202613592147827 286
1723376333503 0.18148967623710632 287
1723376333754 0.171747624874115 288
1723376334006 0.1819423884153366 289
1723376334255 0.2602332830429077 290
1723376334514 0.1580091118812561 291
1723376334763 0.1011812686920166 292
1723376335016 0.14652448892593384 293
1723376335266 0.10434171557426453 294
1723376335525 0.08774221688508987 295
1723376335781 0.13416171073913574 296
1723376336040 0.12511366605758667 297
1723376336292 0.10029210150241852 298
1723376336552 0.16788510978221893 299
1723376336803 0.10973717272281647 300
1723376337057 0.11933174729347229 301
1723376337307 0.11899172514677048 302
1723376337558 0.16784954071044922 303
1723376337817 0.12836854159832 304
1723376338162 0.17014402151107788 305
1723376338409 0.12358538806438446 306
1723376338678 0.13180415332317352 307
1723376338943 0.15718036890029907 308
1723376339225 0.14504919946193695 309
1723376339540 0.18613412976264954 310
1723376339858 0.2087225317955017 311
1723376340159 0.1272074580192566 312
1723376340448 0.11950843036174774 313
1723376340725 0.07060316205024719 314
1723376341010 0.120083287358284 315
1723376341341 0.12365422397851944 316
1723376341610 0.10809670388698578 317
1723376341905 0.16935734450817108 318
1723376342169 0.12786012887954712 319
1723376342468 0.11139266192913055 320
1723376342732 0.18035158514976501 321
1723376343026 0.15968191623687744 322
1723376343307 0.11951935291290283 323
1723376343570 0.10678496956825256 324
1723376343840 0.10195227712392807 325
1723376344131 0.14779779314994812 326
1723376344441 0.14666128158569336 327
1723376344724 0.11318652331829071 328
1723376344990 0.11096751689910889 329
1723376345258 0.10407006740570068 330
1723376345522 0.172775536775589 331
1723376345796 0.10104218870401382 332
1723376346072 0.19579283893108368 333
1723376346380 0.10577066987752914 334
1723376346662 0.16276532411575317 335
1723376346933 0.11973010003566742 336
1723376347218 0.29595696926116943 337
1723376347492 0.1467210054397583 338
1723376347783 0.16783425211906433 339
1723376348058 0.14489200711250305 340
1723376348337 0.15339314937591553 341
1723376348600 0.15581399202346802 342
1723376348871 0.13748522102832794 343
1723376349145 0.08919510245323181 344
1723376349422 0.14624837040901184 345
1723376349695 0.20851463079452515 346
1723376350080 0.15305598080158234 347
1723376350439 0.16389496624469757 348
1723376350720 0.15532612800598145 349
1723376350984 0.14596156775951385 350
1723376351268 0.12970378994941711 351
1723376351589 0.11062876880168915 352
1723376351860 0.14513429999351501 353
1723376352162 0.20037302374839783 354
1723376352451 0.1802685558795929 355
1723376352718 0.1426580548286438 356
1723376352974 0.10079751908779144 357
1723376353232 0.11016955971717834 358
1723376353492 0.08993322402238846 359
1723376353765 0.09067235141992569 360
1723376354040 0.10563483834266663 361
1723376354331 0.17762498557567596 362
1723376354636 0.13333876430988312 363
1723376354932 0.1174459233880043 364
1723376355203 0.19941198825836182 365
1723376355490 0.13260219991207123 366
1723376355782 0.157243013381958 367
1723376356041 0.13895544409751892 368
1723376356300 0.15852174162864685 369
1723376356563 0.13066068291664124 370
1723376356940 0.13713675737380981 371
1723376357218 0.11604894697666168 372
1723376357493 0.14158384501934052 373
1723376357773 0.11847361922264099 374
1723376358045 0.08976492285728455 375
1723376358310 0.1263684183359146 376
1723376358573 0.1309659779071808 377
1723376358910 0.10077080130577087 378
1723376359196 0.14312249422073364 379
1723376359451 0.08852577209472656 380
1723376359712 0.12804287672042847 381
1723376360029 0.11425510793924332 382
1723376360343 0.11610934138298035 383
1723376360652 0.10920953750610352 384
1723376360925 0.1121305301785469 385
1723376361195 0.09679710865020752 386
1723376361496 0.11285613477230072 387
1723376361781 0.11109864711761475 388
1723376362054 0.11767236143350601 389
1723376362334 0.17974919080734253 390
1723376362644 0.12886402010917664 391
1723376362910 0.10403763502836227 392
1723376363182 0.10072217881679535 393
1723376363466 0.10895736515522003 394
1723376363744 0.08686700463294983 395
1723376364012 0.17589980363845825 396
1723376364304 0.08130655437707901 397
1723376364569 0.12177940458059311 398
1723376364859 0.12162597477436066 399
1723376365149 0.10224592685699463 400
1723376365456 0.11750238388776779 401
1723376365739 0.136860191822052 402
1723376366010 0.10510324686765671 403
1723376366289 0.1220831423997879 404
1723376366561 0.141089528799057 405
1723376366825 0.11386188864707947 406
1723376367086 0.10447579622268677 407
1723376367359 0.2613128125667572 408
1723376367623 0.12795154750347137 409
1723376367891 0.10616292804479599 410
1723376368168 0.14139318466186523 411
1723376368483 0.10093662142753601 412
1723376368759 0.11826948821544647 413
1723376369028 0.19780264794826508 414
1723376369298 0.14198678731918335 415
1723376369603 0.1684732288122177 416
1723376369884 0.26164186000823975 417
1723376370141 0.17525991797447205 418
1723376370413 0.09625989198684692 419
1723376370683 0.12320231646299362 420
1723376370950 0.1476394534111023 421
1723376371220 0.14473402500152588 422
1723376371566 0.15177418291568756 423
1723376371878 0.10568845272064209 424
1723376372157 0.10755851119756699 425
1723376372460 0.18066591024398804 426
1723376372800 0.08806624263525009 427
1723376373080 0.12442848086357117 428
1723376373345 0.1211315244436264 429
1723376373607 0.13270029425621033 430
1723376373884 0.11180239170789719 431
1723376374207 0.10990062355995178 432
1723376374490 0.11550462245941162 433
1723376374790 0.10008122026920319 434
1723376375094 0.12955284118652344 435
1723376375412 0.12542912364006042 436
1723376375674 0.09898693114519119 437
1723376375948 0.12116041779518127 438
1723376376199 0.12807708978652954 439
1723376376453 0.159502774477005 440
1723376376708 0.16810409724712372 441
1723376376973 0.09175211936235428 442
1723376377234 0.07345428317785263 443
1723376377495 0.16303956508636475 444
1723376377759 0.15663278102874756 445
1723376378051 0.09942308068275452 446
1723376378315 0.09748978167772293 447
1723376378577 0.0707646906375885 448
1723376378841 0.13591229915618896 449
1723376379116 0.1339680701494217 450
1723376379385 0.12233474850654602 451
1723376379644 0.12482590973377228 452
1723376379896 0.1368771493434906 453
1723376380168 0.0892246663570404 454
1723376380494 0.11629679799079895 455
1723376380756 0.09453645348548889 456
1723376381033 0.06956018507480621 457
1723376381309 0.11909012496471405 458
1723376381583 0.1108107715845108 459
1723376381881 0.09747736155986786 460
1723376382257 0.1874099224805832 461
1723376382580 0.10194095969200134 462
1723376382860 0.13864129781723022 463
1723376383122 0.13861128687858582 464
1723376383398 0.1386769562959671 465
1723376383653 0.09545814990997314 466
1723376383912 0.09189584851264954 467
1723376384167 0.08238331973552704 468
1723376384433 0.13495652377605438 469
1723376384687 0.11980687081813812 470
1723376384962 0.1357843279838562 471
1723376385226 0.07266382873058319 472
1723376385524 0.11512508988380432 473
1723376385781 0.10809485614299774 474
1723376386041 0.15449976921081543 475
1723376386315 0.11360999941825867 476
1723376386597 0.11762978881597519 477
1723376386897 0.07877001911401749 478
1723376387177 0.14274044334888458 479
1723376387458 0.18791882693767548 480
1723376387729 0.13117682933807373 481
1723376388005 0.09593728929758072 482
1723376388272 0.13523982465267181 483
1723376388533 0.20268842577934265 484
1723376388794 0.20287999510765076 485
1723376389056 0.1907636821269989 486
1723376389309 0.26656824350357056 487
1723376389582 0.07218234241008759 488
1723376389853 0.08241983503103256 489
1723376390122 0.11312942951917648 490
1723376390392 0.07909899950027466 491
1723376390661 0.11926747858524323 492
1723376390924 0.18150204420089722 493
1723376391189 0.19531075656414032 494
1723376391443 0.09817240387201309 495
1723376391742 0.15827663242816925 496
1723376392010 0.1269184947013855 497
1723376392269 0.19211331009864807 498
1723376392546 0.09399104118347168 499
1723376392837 0.10839244723320007 500
1723376393112 0.10239056497812271 501
1723376393383 0.12518566846847534 502
1723376393651 0.12900109589099884 503
1723376393941 0.10982613265514374 504
1723376394219 0.10683280229568481 505
1723376394487 0.09848184883594513 506
1723376394765 0.11264004558324814 507
1723376395063 0.09529443085193634 508
1723376395339 0.14908243715763092 509
1723376395607 0.10252944380044937 510
1723376395868 0.1440453976392746 511
1723376396148 0.10978664457798004 512
1723376396437 0.10429558157920837 513
1723376396717 0.10810138285160065 514
1723376396989 0.10009439289569855 515
1723376397277 0.08553947508335114 516
1723376397553 0.10973357409238815 517
1723376397817 0.14318609237670898 518
1723376398089 0.10056870430707932 519
1723376398342 0.1318318396806717 520
1723376398597 0.08193348348140717 521
1723376398851 0.08825644850730896 522
1723376399116 0.1640162467956543 523
1723376399392 0.1248142421245575 524
1723376399702 0.1441359966993332 525
1723376400011 0.10318467020988464 526
1723376400328 0.11480666697025299 527
1723376400603 0.1063123270869255 528
1723376400877 0.08273264765739441 529
1723376401182 0.130438432097435 530
1723376401460 0.16222712397575378 531
1723376401726 0.12084726244211197 532
1723376402044 0.12328182905912399 533
1723376402327 0.23820123076438904 534
1723376402602 0.07860426604747772 535
1723376402878 0.25230857729911804 536
1723376403171 0.10077308118343353 537
1723376403489 0.09820759296417236 538
1723376403755 0.08907370269298553 539
1723376404050 0.08701019734144211 540
1723376404369 0.08778011053800583 541
1723376404662 0.0710856020450592 542
1723376404922 0.13758088648319244 543
1723376405188 0.10978513956069946 544
1723376405485 0.12245894968509674 545
1723376405761 0.11261525750160217 546
1723376406051 0.14593800902366638 547
1723376406313 0.12758329510688782 548
1723376406608 0.1003328412771225 549
1723376406885 0.09142011404037476 550
1723376407158 0.09441999346017838 551
1723376407442 0.16268643736839294 552
1723376407710 0.1256171315908432 553
1723376407978 0.15609262883663177 554
1723376408243 0.10898418724536896 555
1723376408515 0.14828146994113922 556
1723376408796 0.0859803557395935 557
1723376409049 0.07760655879974365 558
1723376409335 0.1164306104183197 559
1723376409601 0.11837399005889893 560
1723376409911 0.08583652228116989 561
1723376410189 0.17032253742218018 562
1723376410539 0.09894964098930359 563
1723376410864 0.07399196177721024 564
1723376411193 0.0767483189702034 565
1723376411535 0.13403218984603882 566
1723376411867 0.11728638410568237 567
1723376412185 0.10789576172828674 568
1723376412452 0.09156723320484161 569
1723376412726 0.1084168553352356 570
1723376413014 0.18277469277381897 571
1723376413304 0.11459677666425705 572
1723376413617 0.11722825467586517 573
1723376413919 0.13822324573993683 574
1723376414208 0.11694760620594025 575
1723376414500 0.12155505269765854 576
1723376414760 0.1003953218460083 577
1723376415424 0.08129245042800903 578
1723376415869 0.0835857093334198 579
1723376416150 0.096831776201725 580
1723376416414 0.11219049245119095 581
1723376416687 0.09823394566774368 582
1723376416971 0.11780516803264618 583
1723376417252 0.2133874148130417 584
1723376417529 0.11090925335884094 585
1723376417806 0.10496415942907333 586
1723376418076 0.0800277441740036 587
1723376418362 0.11002778261899948 588
1723376418633 0.12324176728725433 589
1723376418910 0.10968323051929474 590
1723376419178 0.11895374208688736 591
1723376419445 0.11569249629974365 592
1723376419709 0.0827118530869484 593
1723376419969 0.11937516927719116 594
1723376420260 0.11075548827648163 595
1723376420532 0.12418246269226074 596
1723376420796 0.09442870318889618 597
1723376421106 0.10624763369560242 598
1723376421400 0.25468409061431885 599
1723376421659 0.091681107878685 600
1723376421919 0.10536663234233856 601
1723376422214 0.1380380243062973 602
1723376422482 0.13664698600769043 603
1723376422740 0.10166485607624054 604
1723376422993 0.09994380176067352 605
1723376423252 0.08688604086637497 606
1723376423531 0.08999786525964737 607
1723376423797 0.1280907541513443 608
1723376424152 0.1083197370171547 609
1723376424418 0.09549004584550858 610
1723376424702 0.13716650009155273 611
1723376424984 0.11337868869304657 612
1723376425280 0.08719661831855774 613
1723376425556 0.10011386126279831 614
1723376425821 0.19356095790863037 615
1723376426091 0.11175676435232162 616
1723376426349 0.13229405879974365 617
1723376426611 0.15914258360862732 618
1723376426883 0.13033878803253174 619
1723376427145 0.12905533611774445 620
1723376427434 0.187609001994133 621
1723376427763 0.12891176342964172 622
1723376428042 0.1131526380777359 623
1723376428343 0.10739395022392273 624
1723376428618 0.08968108892440796 625
1723376428904 0.12975983321666718 626
1723376429166 0.08412356674671173 627
1723376429438 0.11485826224088669 628
1723376429710 0.07874852418899536 629
1723376429981 0.12876898050308228 630
1723376430244 0.12150873988866806 631
1723376430533 0.08377597481012344 632
1723376430832 0.09283958375453949 633
1723376431137 0.13145290315151215 634
1723376431414 0.11741374433040619 635
1723376431685 0.11791175603866577 636
1723376431969 0.11760187149047852 637
1723376432281 0.11705060303211212 638
1723376432548 0.08516042679548264 639
1723376432823 0.13190874457359314 640
1723376433091 0.1125328466296196 641
1723376433349 0.13755236566066742 642
1723376433602 0.10004797577857971 643
1723376433857 0.11437761783599854 644
1723376434118 0.08805998414754868 645
1723376434376 0.11790066957473755 646
1723376434629 0.13964828848838806 647
1723376434884 0.10708340257406235 648
1723376435151 0.10899905860424042 649
1723376435531 0.15736839175224304 650
1723376435792 0.12733089923858643 651
1723376436046 0.08252115547657013 652
1723376436305 0.10416287183761597 653
1723376436562 0.14028799533843994 654
1723376436816 0.09236031770706177 655
1723376437075 0.1143641322851181 656
1723376437339 0.08615384995937347 657
1723376437596 0.08173085749149323 658
1723376437847 0.08046504855155945 659
1723376438103 0.12797795236110687 660
1723376438358 0.12422844767570496 661
1723376438618 0.17984700202941895 662
1723376438872 0.08676290512084961 663
1723376439132 0.13151580095291138 664
1723376439392 0.09198717772960663 665
1723376439645 0.14252826571464539 666
1723376439897 0.13531026244163513 667
1723376440148 0.0907106027007103 668
1723376440403 0.09167619794607162 669
1723376440662 0.0862026959657669 670
1723376440918 0.0979527086019516 671
1723376441169 0.11297552287578583 672
1723376441424 0.08596643060445786 673
1723376441681 0.09377941489219666 674
1723376441936 0.11724904179573059 675
1723376442198 0.11154146492481232 676
1723376442502 0.08428941667079926 677
1723376442780 0.1039755567908287 678
1723376443042 0.09930477291345596 679
1723376443296 0.10725359618663788 680
1723376443562 0.08189328759908676 681
1723376443818 0.16276469826698303 682
1723376444072 0.22434675693511963 683
1723376444321 0.10586601495742798 684
1723376444580 0.08806358277797699 685
1723376444843 0.12390333414077759 686
1723376445097 0.08564609289169312 687
1723376445348 0.07276997715234756 688
1723376445599 0.11918804794549942 689
1723376445862 0.0777706429362297 690
1723376446114 0.11283993721008301 691
1723376446366 0.0931399017572403 692
1723376446618 0.10420358926057816 693
1723376446884 0.09594839811325073 694
1723376447141 0.09907277673482895 695
1723376447410 0.13233567774295807 696
1723376447683 0.10549871623516083 697
1723376447952 0.0907137468457222 698
1723376448206 0.07994826883077621 699
1723376448459 0.1705879271030426 700
1723376448713 0.09640803188085556 701
1723376448974 0.1085701584815979 702
1723376449227 0.09407821297645569 703
1723376449479 0.12532740831375122 704
1723376449736 0.08761799335479736 705
1723376449995 0.08697794377803802 706
1723376450252 0.10911676287651062 707
1723376450502 0.13263057172298431 708
1723376450756 0.240505650639534 709
1723376451010 0.08868943154811859 710
1723376451267 0.08316519111394882 711
1723376451518 0.08985280990600586 712
1723376451769 0.09954352676868439 713
1723376452028 0.08621205389499664 714
1723376452305 0.082156240940094 715
1723376452560 0.08843221515417099 716
1723376452812 0.1341949701309204 717
1723376453101 0.09951236844062805 718
1723376453360 0.0897579938173294 719
1723376453610 0.09238935261964798 720
1723376453861 0.08348704874515533 721
1723376454117 0.12663620710372925 722
1723376454378 0.11147257685661316 723
1723376454635 0.09646749496459961 724
1723376454886 0.12156647443771362 725
1723376455141 0.08760417252779007 726
1723376455399 0.14538311958312988 727
1723376455647 0.09455030411481857 728
1723376455902 0.07574380934238434 729
1723376456157 0.1704384833574295 730
1723376456415 0.07895936071872711 731
1723376456667 0.09640321135520935 732
1723376456920 0.13841578364372253 733
1723376457173 0.11049099266529083 734
1723376457432 0.09556002914905548 735
1723376457686 0.1315591037273407 736
1723376457944 0.14179416000843048 737
1723376458200 0.09028226882219315 738
1723376458461 0.18144235014915466 739
1723376458716 0.08757051825523376 740
1723376458974 0.0853130966424942 741
1723376459232 0.1058678925037384 742
1723376459492 0.16021783649921417 743
1723376459743 0.11025619506835938 744
1723376459995 0.10092244297266006 745
1723376460259 0.15244537591934204 746
1723376460513 0.11368049681186676 747
1723376460766 0.09378920495510101 748
1723376461018 0.13813889026641846 749
1723376461270 0.11077065765857697 750
1723376461526 0.08148743957281113 751
1723376461785 0.2811228930950165 752
1723376462037 0.09332511574029922 753
1723376462291 0.22752776741981506 754
1723376462567 0.07512959092855453 755
1723376462825 0.08972872793674469 756
1723376463076 0.10094693303108215 757
1723376463333 0.10719339549541473 758
1723376463593 0.0963113009929657 759
1723376463853 0.09952476620674133 760
1723376464107 0.13957807421684265 761
1723376464369 0.1225929707288742 762
1723376464625 0.117082379758358 763
1723376464882 0.06808329373598099 764
1723376465151 0.11013276875019073 765
1723376465408 0.11660003662109375 766
1723376465660 0.12616264820098877 767
1723376465924 0.08264020085334778 768
1723376466175 0.136400505900383 769
1723376466426 0.14340642094612122 770
1723376466680 0.09265005588531494 771
1723376466943 0.11148795485496521 772
1723376467194 0.11886632442474365 773
1723376467445 0.08870157599449158 774
1723376467700 0.08695166558027267 775
1723376467961 0.25740671157836914 776
1723376468213 0.07410620152950287 777
1723376468468 0.198286771774292 778
1723376468721 0.10200271010398865 779
1723376468995 0.12162275612354279 780
1723376469252 0.0875508114695549 781
1723376469501 0.096577487885952 782
1723376469759 0.11023399233818054 783
1723376470023 0.08336065709590912 784
1723376470283 0.22153712809085846 785
1723376470541 0.09110115468502045 786
1723376470796 0.09970350563526154 787
1723376471051 0.09608262032270432 788
1723376471310 0.0764903873205185 789
1723376471561 0.08121254295110703 790
1723376471814 0.10258029401302338 791
1723376472073 0.09031344950199127 792
1723376472326 0.12606745958328247 793
1723376472602 0.09462893009185791 794
1723376472858 0.112368643283844 795
1723376473114 0.10589209198951721 796
1723376473453 0.15571969747543335 797
1723376473848 0.13369324803352356 798
1723376474113 0.06913071870803833 799
1723376474396 0.14191849529743195 800
1723376474687 0.10720093548297882 801
1723376474942 0.0874658077955246 802
1723376475210 0.12681934237480164 803
1723376475612 0.11576297879219055 804
1723376475873 0.15131281316280365 805
1723376476160 0.10512547194957733 806
1723376476444 0.11746911704540253 807
1723376476699 0.08110425621271133 808
1723376476950 0.0909561961889267 809
1723376477208 0.10886265337467194 810
1723376477476 0.1287195235490799 811
1723376477728 0.10943109542131424 812
1723376477984 0.0764160305261612 813
1723376478236 0.09250818192958832 814
1723376478499 0.09854748845100403 815
1723376478752 0.10874010622501373 816
1723376479002 0.1288807988166809 817
1723376479260 0.11024162173271179 818
1723376479516 0.08951324224472046 819
1723376479776 0.07730522006750107 820
1723376480032 0.13144662976264954 821
1723376480285 0.1118115484714508 822
1723376480542 0.1462124139070511 823
1723376480799 0.11273064464330673 824
1723376481050 0.09931676089763641 825
1723376481300 0.12081076204776764 826
1723376481560 0.11921347677707672 827
1723376481821 0.1633216291666031 828
1723376482076 0.19460523128509521 829
1723376482327 0.11288084089756012 830
1723376482611 0.10775896906852722 831
1723376482869 0.07531331479549408 832
1723376483125 0.10846242308616638 833
1723376483385 0.08484749495983124 834
1723376483640 0.14232558012008667 835
1723376483900 0.08300760388374329 836
1723376484150 0.10694635659456253 837
1723376484411 0.08095143735408783 838
1723376484666 0.061645012348890305 839
1723376484926 0.09531557559967041 840
1723376485177 0.11064519733190536 841
1723376485429 0.08706812560558319 842
1723376485683 0.10712951421737671 843
1723376485948 0.0954844132065773 844
1723376486198 0.14421482384204865 845
1723376486451 0.15690457820892334 846
1723376486702 0.10760500282049179 847
1723376486968 0.09632112085819244 848
1723376487225 0.09342141449451447 849
1723376487477 0.14386717975139618 850
1723376487728 0.17240026593208313 851
1723376487997 0.09194367378950119 852
1723376488250 0.08978681266307831 853
1723376488503 0.25448769330978394 854
1723376488757 0.2488144040107727 855
1723376489015 0.11756299436092377 856
1723376489270 0.13006925582885742 857
1723376489521 0.14364638924598694 858
1723376489775 0.12076298892498016 859
1723376490033 0.12380184978246689 860
1723376490291 0.09656193852424622 861
1723376490540 0.12818998098373413 862
1723376490789 0.1112806499004364 863
1723376491044 0.11994102597236633 864
1723376491313 0.11237393319606781 865
1723376491565 0.08591030538082123 866
1723376491818 0.11495964229106903 867
1723376492075 0.10376039147377014 868
1723376492339 0.10602959990501404 869
1723376492619 0.0876670628786087 870
1723376492879 0.09261198341846466 871
1723376493131 0.10573503375053406 872
1723376493394 0.15541788935661316 873
1723376493645 0.09028030931949615 874
1723376493901 0.10431559383869171 875
1723376494158 0.14904189109802246 876
1723376494421 0.1039600521326065 877
1723376494674 0.12980946898460388 878
1723376494925 0.10911254584789276 879
1723376495177 0.07740727066993713 880
1723376495445 0.10816680639982224 881
1723376495697 0.11149784922599792 882
1723376495950 0.09568243473768234 883
1723376496203 0.08993373811244965 884
1723376496471 0.13908831775188446 885
1723376496718 0.08675581216812134 886
1723376496968 0.10478954017162323 887
1723376497223 0.13465569913387299 888
1723376497481 0.09500325471162796 889
1723376497737 0.14597681164741516 890
1723376497985 0.21205145120620728 891
1723376498242 0.08019592612981796 892
1723376498495 0.12586624920368195 893
1723376498756 0.07740797847509384 894
1723376499009 0.1020473837852478 895
1723376499259 0.09424596279859543 896
1723376499517 0.15707744657993317 897
1723376499775 0.2945686876773834 898
1723376500026 0.1928788125514984 899
1723376500285 0.08549556136131287 900
1723376500540 0.09257952868938446 901
1723376500803 0.12887461483478546 902
1723376501054 0.08333698660135269 903
1723376501308 0.10686011612415314 904
1723376501565 0.12608924508094788 905
1723376501825 0.11253781616687775 906
1723376502083 0.08580133318901062 907
1723376502338 0.08098039776086807 908
1723376502600 0.09194759279489517 909
1723376502894 0.1155761182308197 910
1723376503146 0.09523389488458633 911
1723376503399 0.09606394171714783 912
1723376503653 0.09468087553977966 913
1723376503918 0.10167557001113892 914
1723376504182 0.19670060276985168 915
1723376504440 0.10476772487163544 916
1723376504695 0.07663750648498535 917
1723376504955 0.08932556957006454 918
1723376505208 0.12225794047117233 919
1723376505458 0.0804700255393982 920
1723376505714 0.11535610258579254 921
1723376505972 0.09980564564466476 922
1723376506225 0.09006556123495102 923
1723376506479 0.12291724979877472 924
1723376506729 0.14849604666233063 925
1723376506996 0.09880892932415009 926
1723376507249 0.11433185636997223 927
1723376507501 0.0952354222536087 928
1723376507764 0.11034241318702698 929
1723376508039 0.09523491561412811 930
1723376508317 0.08777673542499542 931
1723376508574 0.10284287482500076 932
1723376508834 0.13621248304843903 933
1723376509102 0.1121620386838913 934
1723376509403 0.09422856569290161 935
1723376509670 0.14554503560066223 936
1723376509937 0.11955632269382477 937
1723376510203 0.10190646350383759 938
1723376510465 0.10432498157024384 939
1723376510723 0.07587916404008865 940
1723376510982 0.08734820038080215 941
1723376511252 0.08968091011047363 942
1723376511513 0.09678144752979279 943
1723376511775 0.12536859512329102 944
1723376512032 0.11723291873931885 945
1723376512296 0.0628025159239769 946
1723376512554 0.08784952759742737 947
1723376512838 0.0866326093673706 948
1723376513103 0.1405630111694336 949
1723376513375 0.24666202068328857 950
1723376513635 0.13515803217887878 951
1723376513895 0.12183523923158646 952
1723376514171 0.09993938356637955 953
1723376514449 0.13379733264446259 954
1723376514712 0.08352842926979065 955
1723376514986 0.08375779539346695 956
1723376515251 0.0991295874118805 957
1723376515536 0.12494556605815887 958
1723376515804 0.09678348898887634 959
1723376516059 0.12615200877189636 960
1723376516312 0.16024194657802582 961
1723376516575 0.11341668665409088 962
1723376516826 0.08580789715051651 963
1723376517079 0.08450034260749817 964
1723376517336 0.12270722538232803 965
1723376517610 0.09778042137622833 966
1723376517876 0.08930409699678421 967
1723376518147 0.08329127728939056 968
1723376518428 0.07642456889152527 969
1723376518713 0.10347634553909302 970
1723376518978 0.10070058703422546 971
1723376519229 0.21093228459358215 972
1723376519481 0.22287867963314056 973
1723376519739 0.08528994768857956 974
1723376519996 0.13331013917922974 975
1723376520257 0.11747932434082031 976
1723376520509 0.10003423690795898 977
1723376520764 0.1032959371805191 978
1723376521021 0.1141514852643013 979
1723376521277 0.11961530894041061 980
1723376521529 0.11649422347545624 981
1723376521793 0.18725630640983582 982
1723376522044 0.10933904349803925 983
1723376522296 0.0957736074924469 984
1723376522548 0.09736185520887375 985
1723376522835 0.12547741830348969 986
1723376523092 0.09532357007265091 987
1723376523346 0.08072014153003693 988
1723376523598 0.07851611077785492 989
1723376523857 0.07925116270780563 990
1723376524112 0.1088472306728363 991
1723376524364 0.07141773402690887 992
1723376524616 0.10633741319179535 993
1723376524875 0.11043889820575714 994
1723376525133 0.11127223074436188 995
1723376525383 0.19287510216236115 996
1723376525641 0.11013014614582062 997
1723376525895 0.1723303198814392 998
1723376526158 0.11563564091920853 999
