1723376259431 0.030899180099368095 0
1723376259636 0.052897755056619644 1
1723376259824 0.8026872277259827 2
1723376259998 12.281329154968262 3
1723376260171 3.7291758060455322 4
1723376260357 10.847134590148926 5
1723376260575 6.024251461029053 6
1723376260755 6.773627281188965 7
1723376260941 6.974437236785889 8
1723376261103 4.2547125816345215 9
1723376261267 6.485836505889893 10
1723376261438 6.466524124145508 11
1723376261599 5.828299045562744 12
1723376261758 3.0789246559143066 13
1723376261923 5.495453357696533 14
1723376262091 6.121488571166992 15
1723376262251 5.514832496643066 16
1723376262412 4.4838385581970215 17
1723376262586 7.490269660949707 18
1723376262747 7.237967491149902 19
1723376262913 2.986218214035034 20
1723376263086 8.861220359802246 21
1723376263262 4.536003589630127 22
1723376263476 5.742247581481934 23
1723376263728 7.344862937927246 24
1723376263977 4.2752203941345215 25
1723376264222 4.594284534454346 26
1723376264469 4.16017484664917 27
1723376264730 5.6184983253479 28
1723376264978 9.06752872467041 29
1723376265227 6.130345821380615 30
1723376265478 6.693811416625977 31
1723376265731 4.765363693237305 32
1723376265983 5.978830337524414 33
1723376266231 6.645143032073975 34
1723376266482 8.573404312133789 35
1723376266741 8.551849365234375 36
1723376266997 5.060583591461182 37
1723376267245 5.550596237182617 38
1723376267497 13.682126998901367 39
1723376267754 10.246657371520996 40
1723376268009 7.552321910858154 41
1723376268257 10.589742660522461 42
1723376268509 8.221537590026855 43
1723376268755 5.429217338562012 44
1723376269015 9.728730201721191 45
1723376269265 6.823550701141357 46
1723376269513 8.112504005432129 47
1723376269761 6.196807384490967 48
1723376270024 4.648736476898193 49
1723376270274 8.009636878967285 50
1723376270521 7.9258928298950195 51
1723376270797 3.878100872039795 52
1723376271056 5.931896686553955 53
1723376271308 6.148190975189209 54
1723376271558 5.620689868927002 55
1723376271807 9.052736282348633 56
1723376272061 6.6438984870910645 57
1723376272310 5.357393741607666 58
1723376272560 8.932645797729492 59
1723376272809 6.585480213165283 60
1723376273063 9.035228729248047 61
1723376273317 4.864757061004639 62
1723376273566 6.093639850616455 63
1723376273812 9.950040817260742 64
1723376274064 3.531740427017212 65
1723376274319 5.440843105316162 66
1723376274567 8.634852409362793 67
1723376274817 7.6036763191223145 68
1723376275065 8.320260047912598 69
1723376275324 9.496691703796387 70
1723376275574 5.515974998474121 71
1723376275822 6.607296943664551 72
1723376276077 4.284957408905029 73
1723376276344 6.0843939781188965 74
1723376276592 6.201697826385498 75
1723376276842 5.04399299621582 76
1723376277092 9.123503684997559 77
1723376277343 8.897673606872559 78
1723376277594 7.977354526519775 79
1723376277848 9.280050277709961 80
1723376278103 6.60559606552124 81
1723376278362 6.959876537322998 82
1723376278613 6.107802391052246 83
1723376278866 4.841765403747559 84
1723376279121 6.277958393096924 85
1723376279369 5.975879192352295 86
1723376279627 9.458937644958496 87
1723376279879 6.625423908233643 88
1723376280139 8.204319953918457 89
1723376280390 8.92361831665039 90
1723376280649 8.894775390625 91
1723376280956 7.858334541320801 92
1723376281210 5.9458231925964355 93
1723376281458 6.213517665863037 94
1723376281715 8.057354927062988 95
1723376281963 7.803098201751709 96
1723376282214 7.63792610168457 97
1723376282461 6.7015886306762695 98
1723376282725 2.6766703128814697 99
1723376282975 5.731882572174072 100
1723376283227 7.023490905761719 101
1723376283480 6.665803909301758 102
1723376283737 9.510257720947266 103
1723376283990 6.150954723358154 104
1723376284238 11.060372352600098 105
1723376284484 10.43631362915039 106
1723376284744 6.253372669219971 107
1723376285012 7.425210475921631 108
1723376285259 5.924901962280273 109
1723376285507 5.2833123207092285 110
1723376285760 3.6294033527374268 111
1723376286014 6.576932907104492 112
1723376286265 8.238541603088379 113
1723376286513 7.9423828125 114
1723376286763 9.314175605773926 115
1723376287022 8.144670486450195 116
1723376287269 11.14836597442627 117
1723376287517 9.558825492858887 118
1723376287769 6.681263446807861 119
1723376288031 6.73369026184082 120
1723376288281 4.761523723602295 121
1723376288528 7.462158203125 122
1723376288779 9.238896369934082 123
1723376289038 5.198606967926025 124
1723376289289 6.392711162567139 125
1723376289536 6.190789699554443 126
1723376289787 7.861807346343994 127
1723376290042 2.9021620750427246 128
1723376290289 7.322572231292725 129
1723376290536 9.504387855529785 130
1723376290809 4.740418434143066 131
1723376291068 8.895435333251953 132
1723376291322 8.309496879577637 133
1723376291570 5.461808204650879 134
1723376291820 5.621259689331055 135
1723376292074 7.5770697593688965 136
1723376292330 7.800907611846924 137
1723376292582 4.2463579177856445 138
1723376292830 6.534292221069336 139
1723376293081 9.672627449035645 140
1723376293355 4.150949478149414 141
1723376293603 8.401268005371094 142
1723376293856 6.189529895782471 143
1723376294104 13.025139808654785 144
1723376294361 7.915535926818848 145
1723376294610 7.901220798492432 146
1723376294859 11.641705513000488 147
1723376295112 5.444319725036621 148
1723376295364 9.602949142456055 149
1723376295616 6.017020225524902 150
1723376295869 8.682759284973145 151
1723376296116 10.089995384216309 152
1723376296374 6.00484561920166 153
1723376296628 5.196076393127441 154
1723376296907 7.001016139984131 155
1723376297543 7.16205358505249 156
1723376297802 9.74712085723877 157
1723376298054 7.1343512535095215 158
1723376298308 7.069334506988525 159
1723376298567 6.714690208435059 160
1723376298821 4.393908500671387 161
1723376299076 8.613035202026367 162
1723376299334 5.20036506652832 163
1723376299599 7.672023296356201 164
1723376299850 7.241136074066162 165
1723376300104 4.915314674377441 166
1723376300351 7.739095687866211 167
1723376300608 5.922540664672852 168
1723376300888 7.417305946350098 169
1723376301143 7.203013896942139 170
1723376301397 7.778136253356934 171
1723376301658 9.711318016052246 172
1723376301907 4.76707649230957 173
1723376302159 4.502310752868652 174
1723376302449 6.993832588195801 175
1723376302807 5.862746238708496 176
1723376303061 8.536276817321777 177
1723376303311 5.832830905914307 178
1723376303568 6.471441745758057 179
1723376303835 10.095376968383789 180
1723376304089 8.87060260772705 181
1723376304339 5.920883655548096 182
1723376304579 8.454122543334961 183
1723376304827 6.65394401550293 184
1723376305083 8.224259376525879 185
1723376305329 9.6578950881958 186
1723376305573 5.042086124420166 187
1723376305826 6.416415691375732 188
1723376306072 5.968608379364014 189
1723376306319 7.424474239349365 190
1723376306563 5.486263751983643 191
1723376306813 5.251971244812012 192
1723376307067 3.9766194820404053 193
1723376307317 5.53234338760376 194
1723376307561 7.591508388519287 195
1723376307808 9.341729164123535 196
1723376308062 9.475375175476074 197
1723376308314 4.994269371032715 198
1723376308557 7.531979084014893 199
1723376308809 6.756586074829102 200
1723376309064 8.019452095031738 201
1723376309314 8.905406951904297 202
1723376309559 9.49820327758789 203
1723376309809 5.119023323059082 204
1723376310055 7.12658166885376 205
1723376310303 8.727591514587402 206
1723376310546 5.013055324554443 207
1723376310792 10.442051887512207 208
1723376311067 6.204980373382568 209
1723376311315 7.132580757141113 210
1723376311556 9.43253231048584 211
1723376311807 6.655978202819824 212
1723376312051 5.526193141937256 213
1723376312309 9.17033576965332 214
1723376312554 5.281070232391357 215
1723376312805 5.436486721038818 216
1723376313043 6.713750839233398 217
1723376313292 9.179668426513672 218
1723376313547 7.102080345153809 219
1723376313807 8.602689743041992 220
1723376314048 7.224257946014404 221
1723376314300 6.945770263671875 222
1723376314548 6.54245662689209 223
1723376314797 9.487732887268066 224
1723376315043 6.793035984039307 225
1723376315289 6.6753106117248535 226
1723376315541 4.718428134918213 227
1723376315791 5.097589492797852 228
1723376316033 6.210668563842773 229
1723376316288 10.934465408325195 230
1723376316575 9.263761520385742 231
1723376316889 7.083865165710449 232
1723376317328 5.594696998596191 233
1723376317757 7.826066493988037 234
1723376318043 5.67445182800293 235
1723376318369 5.913848400115967 236
1723376318721 6.976714134216309 237
1723376318996 7.776412487030029 238
1723376319249 4.69068717956543 239
1723376319514 5.7656168937683105 240
1723376319796 8.23290729522705 241
1723376320091 6.3430280685424805 242
1723376320377 5.943985462188721 243
1723376320663 6.5254716873168945 244
1723376320930 8.383213996887207 245
1723376321229 5.948920249938965 246
1723376321496 7.121762275695801 247
1723376321767 10.054153442382812 248
1723376322036 6.670315265655518 249
1723376322317 8.49722957611084 250
1723376322631 7.275545597076416 251
1723376322998 5.7724809646606445 252
1723376323270 4.107168197631836 253
1723376323547 6.549607753753662 254
1723376323830 6.339203357696533 255
1723376324122 5.346222877502441 256
1723376324405 4.728254318237305 257
1723376324748 12.084794998168945 258
1723376325105 8.061104774475098 259
1723376325378 6.536545276641846 260
1723376325653 6.505417823791504 261
1723376325919 10.377022743225098 262
1723376326185 4.296782970428467 263
1723376326507 8.847441673278809 264
1723376327815 7.982769966125488 265
1723376328108 7.856569766998291 266
1723376328370 5.75633430480957 267
1723376328642 5.8661699295043945 268
1723376328900 7.060081958770752 269
1723376329156 7.743078231811523 270
1723376329407 7.607504844665527 271
1723376329658 6.388318061828613 272
1723376329910 6.800848960876465 273
1723376330165 8.612040519714355 274
1723376330420 7.3719635009765625 275
1723376330675 4.974022388458252 276
1723376330928 4.246333122253418 277
1723376331227 6.065213203430176 278
1723376331480 10.118582725524902 279
1723376331731 7.632252216339111 280
1723376331982 8.762149810791016 281
1723376332234 6.986730098724365 282
1723376332490 5.8741960525512695 283
1723376332740 4.87515115737915 284
1723376332991 11.7191801071167 285
1723376333245 6.739766597747803 286
1723376333503 6.3646392822265625 287
1723376333754 8.203978538513184 288
1723376334006 7.210050106048584 289
1723376334255 6.272070407867432 290
1723376334514 7.530145168304443 291
1723376334763 4.347296237945557 292
1723376335016 6.593737602233887 293
1723376335266 4.263608455657959 294
1723376335525 3.921431541442871 295
1723376335781 7.19938850402832 296
1723376336040 5.007386207580566 297
1723376336292 5.415395736694336 298
1723376336552 5.471827507019043 299
1723376336803 7.11253023147583 300
1723376337057 6.5153679847717285 301
1723376337307 6.147302150726318 302
1723376337558 5.880898952484131 303
1723376337817 6.046905040740967 304
1723376338162 6.104865074157715 305
1723376338409 6.874856472015381 306
1723376338678 6.68987512588501 307
1723376338943 5.019323825836182 308
1723376339225 10.313458442687988 309
1723376339540 9.34607982635498 310
1723376339858 7.185373306274414 311
1723376340159 8.069023132324219 312
1723376340448 6.931186199188232 313
1723376340725 5.140151500701904 314
1723376341010 7.5035481452941895 315
1723376341341 4.6079182624816895 316
1723376341610 6.454837322235107 317
1723376341905 6.943051815032959 318
1723376342169 8.097077369689941 319
1723376342468 7.091161251068115 320
1723376342732 9.018492698669434 321
1723376343026 9.378173828125 322
1723376343307 6.99143123626709 323
1723376343570 5.121636390686035 324
1723376343840 5.042688846588135 325
1723376344131 6.671247959136963 326
1723376344441 5.450896263122559 327
1723376344724 5.380682945251465 328
1723376344990 6.6428446769714355 329
1723376345258 5.3052568435668945 330
1723376345522 8.797746658325195 331
1723376345796 3.6632797718048096 332
1723376346072 9.314742088317871 333
1723376346380 5.902361869812012 334
1723376346662 11.318245887756348 335
1723376346933 7.0961456298828125 336
1723376347218 3.8260061740875244 337
1723376347492 7.296541690826416 338
1723376347783 8.785467147827148 339
1723376348058 7.299799919128418 340
1723376348337 9.222447395324707 341
1723376348600 7.352729320526123 342
1723376348871 10.405607223510742 343
1723376349145 4.657681941986084 344
1723376349422 10.770962715148926 345
1723376349695 8.769651412963867 346
1723376350080 8.879775047302246 347
1723376350439 8.760255813598633 348
1723376350720 8.081197738647461 349
1723376350984 9.278757095336914 350
1723376351268 6.850907802581787 351
1723376351589 5.762243270874023 352
1723376351860 10.411897659301758 353
1723376352162 7.969671726226807 354
1723376352451 8.39375114440918 355
1723376352718 10.74506664276123 356
1723376352974 6.5474724769592285 357
1723376353232 6.054396152496338 358
1723376353492 5.964168071746826 359
1723376353765 5.5886054039001465 360
1723376354040 5.811180591583252 361
1723376354331 9.299424171447754 362
1723376354636 7.817262172698975 363
1723376354932 7.343663692474365 364
1723376355203 8.02070140838623 365
1723376355490 6.7681097984313965 366
1723376355782 9.853851318359375 367
1723376356041 7.1090850830078125 368
1723376356300 8.59494400024414 369
1723376356563 6.848425388336182 370
1723376356940 10.117241859436035 371
1723376357218 4.013839244842529 372
1723376357493 9.573277473449707 373
1723376357773 5.103228569030762 374
1723376358045 5.47569465637207 375
1723376358310 7.109039783477783 376
1723376358573 9.998946189880371 377
1723376358910 5.630824565887451 378
1723376359196 10.57674789428711 379
1723376359451 4.685372352600098 380
1723376359712 7.504019737243652 381
1723376360029 5.399653911590576 382
1723376360343 6.717426776885986 383
1723376360652 7.621813774108887 384
1723376360925 7.318831443786621 385
1723376361195 3.6997249126434326 386
1723376361496 6.39511251449585 387
1723376361781 7.780725955963135 388
1723376362054 6.260757923126221 389
1723376362334 10.258122444152832 390
1723376362644 6.419456958770752 391
1723376362910 7.793907642364502 392
1723376363182 7.018479347229004 393
1723376363466 6.5702805519104 394
1723376363744 5.028980731964111 395
1723376364012 8.90417766571045 396
1723376364304 5.244614601135254 397
1723376364569 5.852876663208008 398
1723376364859 7.688362121582031 399
1723376365149 6.0205278396606445 400
1723376365456 6.051689147949219 401
1723376365739 8.564070701599121 402
1723376366010 6.402108669281006 403
1723376366289 7.965874195098877 404
1723376366561 10.76970100402832 405
1723376366825 7.851425647735596 406
1723376367086 6.077015399932861 407
1723376367359 8.171612739562988 408
1723376367623 9.021411895751953 409
1723376367891 5.526888370513916 410
1723376368168 6.673383712768555 411
1723376368483 4.972204685211182 412
1723376368759 7.170567035675049 413
1723376369028 10.163494110107422 414
1723376369298 9.20557689666748 415
1723376369603 5.698400020599365 416
1723376369884 7.527012348175049 417
1723376370141 9.02088737487793 418
1723376370413 5.486224174499512 419
1723376370683 9.993817329406738 420
1723376370950 5.707182884216309 421
1723376371220 7.432769298553467 422
1723376371566 9.132782936096191 423
1723376371878 6.882019519805908 424
1723376372157 6.373688697814941 425
1723376372460 10.650299072265625 426
1723376372800 5.954650402069092 427
1723376373080 6.501067638397217 428
1723376373345 8.388665199279785 429
1723376373607 9.606578826904297 430
1723376373884 7.6658711433410645 431
1723376374207 6.669851779937744 432
1723376374490 8.43697738647461 433
1723376374790 5.676026821136475 434
1723376375094 6.37803316116333 435
1723376375412 7.887977600097656 436
1723376375674 5.219244003295898 437
1723376375948 7.920721530914307 438
1723376376199 9.676559448242188 439
1723376376453 9.902037620544434 440
1723376376708 11.153812408447266 441
1723376376973 6.517691612243652 442
1723376377234 5.192183971405029 443
1723376377495 6.8817338943481445 444
1723376377759 8.784283638000488 445
1723376378051 6.950456619262695 446
1723376378315 6.457374095916748 447
1723376378577 5.1606903076171875 448
1723376378841 8.22153377532959 449
1723376379116 9.252347946166992 450
1723376379385 6.783563137054443 451
1723376379644 6.477858543395996 452
1723376379896 8.145902633666992 453
1723376380168 5.467981815338135 454
1723376380494 5.917959213256836 455
1723376380756 6.442578315734863 456
1723376381033 4.43861722946167 457
1723376381309 6.896882057189941 458
1723376381583 6.324166774749756 459
1723376381881 5.257810115814209 460
1723376382257 7.827179908752441 461
1723376382580 3.668738842010498 462
1723376382860 8.962860107421875 463
1723376383122 9.384564399719238 464
1723376383398 8.0313138961792 465
1723376383653 5.518208026885986 466
1723376383912 6.399259567260742 467
1723376384167 4.185826301574707 468
1723376384433 10.67336368560791 469
1723376384687 6.471738815307617 470
1723376384962 8.644253730773926 471
1723376385226 4.835890769958496 472
1723376385524 4.987217426300049 473
1723376385781 8.246538162231445 474
1723376386041 6.38784646987915 475
1723376386315 7.155888080596924 476
1723376386597 9.154534339904785 477
1723376386897 5.288782119750977 478
1723376387177 6.908231735229492 479
1723376387458 6.562177658081055 480
1723376387729 10.550539016723633 481
1723376388005 7.03883171081543 482
1723376388272 6.567475318908691 483
1723376388533 6.102648735046387 484
1723376388794 5.247501850128174 485
1723376389056 7.47997522354126 486
1723376389309 6.4492340087890625 487
1723376389582 4.570021629333496 488
1723376389853 6.498657703399658 489
1723376390122 8.228411674499512 490
1723376390392 4.953007698059082 491
1723376390661 6.113396644592285 492
1723376390924 7.063826560974121 493
1723376391189 8.221048355102539 494
1723376391443 7.3641676902771 495
1723376391742 6.465682029724121 496
1723376392010 7.610015869140625 497
1723376392269 7.630072116851807 498
1723376392546 5.888289928436279 499
1723376392837 5.508514881134033 500
1723376393112 7.521928787231445 501
1723376393383 6.503419399261475 502
1723376393651 6.94486665725708 503
1723376393941 6.406844615936279 504
1723376394219 6.4092559814453125 505
1723376394487 6.396744251251221 506
1723376394765 6.1577863693237305 507
1723376395063 6.687876224517822 508
1723376395339 5.734329700469971 509
1723376395607 6.779191970825195 510
1723376395868 11.276415824890137 511
1723376396148 5.682799339294434 512
1723376396437 5.430340766906738 513
1723376396717 6.0524821281433105 514
1723376396989 7.521944999694824 515
1723376397277 5.079905986785889 516
1723376397553 6.932709217071533 517
1723376397817 8.099308967590332 518
1723376398089 7.708077907562256 519
1723376398342 8.237671852111816 520
1723376398597 4.796643257141113 521
1723376398851 4.880937099456787 522
1723376399116 5.967409610748291 523
1723376399392 4.515180587768555 524
1723376399702 7.519631862640381 525
1723376400011 6.383384704589844 526
1723376400328 4.953055381774902 527
1723376400603 5.339322566986084 528
1723376400877 5.568291664123535 529
1723376401182 8.009946823120117 530
1723376401460 11.999958992004395 531
1723376401726 8.0520601272583 532
1723376402044 8.560941696166992 533
1723376402327 9.39489459991455 534
1723376402602 5.5083909034729 535
1723376402878 10.786449432373047 536
1723376403171 5.341104507446289 537
1723376403489 7.658425807952881 538
1723376403755 6.02432918548584 539
1723376404050 5.790489196777344 540
1723376404369 5.67227840423584 541
1723376404662 3.1898486614227295 542
1723376404922 8.241156578063965 543
1723376405188 7.930914402008057 544
1723376405485 7.158186912536621 545
1723376405761 6.636811256408691 546
1723376406051 6.657827854156494 547
1723376406313 7.785693645477295 548
1723376406608 6.106812477111816 549
1723376406885 7.137201309204102 550
1723376407158 7.0925116539001465 551
1723376407442 7.142119884490967 552
1723376407710 9.829140663146973 553
1723376407978 5.539053916931152 554
1723376408243 8.292987823486328 555
1723376408515 11.439640045166016 556
1723376408796 5.369475364685059 557
1723376409049 4.298304080963135 558
1723376409335 7.906835079193115 559
1723376409601 5.920638561248779 560
1723376409911 5.9626994132995605 561
1723376410189 8.48299789428711 562
1723376410539 7.485226154327393 563
1723376410864 5.099308490753174 564
1723376411193 5.67188835144043 565
1723376411535 9.665904998779297 566
1723376411867 7.447984218597412 567
1723376412185 4.927590370178223 568
1723376412452 5.1616621017456055 569
1723376412726 6.519233226776123 570
1723376413014 6.055570125579834 571
1723376413304 8.177274703979492 572
1723376413617 8.77209186553955 573
1723376413919 8.605518341064453 574
1723376414208 4.241439342498779 575
1723376414500 10.188308715820312 576
1723376414760 4.970927715301514 577
1723376415424 5.284325122833252 578
1723376415869 5.8779988288879395 579
1723376416150 6.767804145812988 580
1723376416414 7.1292290687561035 581
1723376416687 8.00876522064209 582
1723376416971 7.31597900390625 583
1723376417252 5.158546447753906 584
1723376417529 8.091626167297363 585
1723376417806 8.332303047180176 586
1723376418076 5.918715953826904 587
1723376418362 6.883618354797363 588
1723376418633 9.012750625610352 589
1723376418910 6.839019298553467 590
1723376419178 9.313030242919922 591
1723376419445 5.803355693817139 592
1723376419709 5.883980751037598 593
1723376419969 6.186014175415039 594
1723376420260 6.870123386383057 595
1723376420532 8.071894645690918 596
1723376420796 6.128036022186279 597
1723376421106 7.01506233215332 598
1723376421400 7.2455668449401855 599
1723376421659 7.25266695022583 600
1723376421919 5.289191246032715 601
1723376422214 7.780638217926025 602
1723376422482 7.40948486328125 603
1723376422740 7.376381874084473 604
1723376422993 6.440090656280518 605
1723376423252 5.563980579376221 606
1723376423531 5.381651878356934 607
1723376423797 10.274432182312012 608
1723376424152 6.754411697387695 609
1723376424418 7.320655822753906 610
1723376424702 10.215740203857422 611
1723376424984 5.194583415985107 612
1723376425280 6.960805892944336 613
1723376425556 7.906044960021973 614
1723376425821 8.631099700927734 615
1723376426091 8.278388023376465 616
1723376426349 6.601545333862305 617
1723376426611 9.006916046142578 618
1723376426883 5.808284282684326 619
1723376427145 7.492124557495117 620
1723376427434 6.130899429321289 621
1723376427763 7.20390510559082 622
1723376428042 6.843313694000244 623
1723376428343 5.241857528686523 624
1723376428618 5.841668128967285 625
1723376428904 7.692185878753662 626
1723376429166 5.227756977081299 627
1723376429438 9.329912185668945 628
1723376429710 5.284440994262695 629
1723376429981 8.408556938171387 630
1723376430244 7.624946117401123 631
1723376430533 6.280231952667236 632
1723376430832 6.753683567047119 633
1723376431137 7.4417901039123535 634
1723376431414 8.902167320251465 635
1723376431685 6.940428733825684 636
1723376431969 8.009378433227539 637
1723376432281 6.996123313903809 638
1723376432548 5.398346900939941 639
1723376432823 9.255341529846191 640
1723376433091 7.047408103942871 641
1723376433349 8.84788990020752 642
1723376433602 6.827407360076904 643
1723376433857 6.21675968170166 644
1723376434118 5.987166881561279 645
1723376434376 7.4375529289245605 646
1723376434629 7.263845920562744 647
1723376434884 7.16697883605957 648
1723376435151 6.298556804656982 649
1723376435531 7.296376705169678 650
1723376435792 7.326100826263428 651
1723376436046 6.273672103881836 652
1723376436305 5.072685718536377 653
1723376436562 10.333993911743164 654
1723376436816 6.916661262512207 655
1723376437075 8.096039772033691 656
1723376437339 6.667874813079834 657
1723376437596 5.895564556121826 658
1723376437847 4.933755397796631 659
1723376438103 9.948272705078125 660
1723376438358 7.428499221801758 661
1723376438618 6.16511869430542 662
1723376438872 4.905956745147705 663
1723376439132 6.6585516929626465 664
1723376439392 6.443737983703613 665
1723376439645 7.113033771514893 666
1723376439897 8.931366920471191 667
1723376440148 6.163811683654785 668
1723376440403 6.576634883880615 669
1723376440662 6.0462236404418945 670
1723376440918 6.542061805725098 671
1723376441169 7.751743793487549 672
1723376441424 5.862800121307373 673
1723376441681 6.282076835632324 674
1723376441936 8.322829246520996 675
1723376442198 7.0020880699157715 676
1723376442502 6.445943355560303 677
1723376442780 6.078763961791992 678
1723376443042 6.963924884796143 679
1723376443296 4.382812023162842 680
1723376443562 5.385293483734131 681
1723376443818 5.955912113189697 682
1723376444072 5.447577953338623 683
1723376444321 5.962807655334473 684
1723376444580 6.984968185424805 685
1723376444843 6.567420959472656 686
1723376445097 4.824674606323242 687
1723376445348 4.6963725090026855 688
1723376445599 9.011209487915039 689
1723376445862 5.766486167907715 690
1723376446114 7.439103126525879 691
1723376446366 5.320611000061035 692
1723376446618 7.310608863830566 693
1723376446884 7.76232385635376 694
1723376447141 4.677512168884277 695
1723376447410 10.946125984191895 696
1723376447683 6.005438804626465 697
1723376447952 5.854865550994873 698
1723376448206 5.026286602020264 699
1723376448459 10.568863868713379 700
1723376448713 5.834296226501465 701
1723376448974 5.8209710121154785 702
1723376449227 5.961557388305664 703
1723376449479 6.208181858062744 704
1723376449736 5.136967182159424 705
1723376449995 5.082261085510254 706
1723376450252 6.014233589172363 707
1723376450502 7.435405254364014 708
1723376450756 7.821511268615723 709
1723376451010 6.8517560958862305 710
1723376451267 5.748232364654541 711
1723376451518 5.88906717300415 712
1723376451769 5.892700672149658 713
1723376452028 6.066091060638428 714
1723376452305 5.794570446014404 715
1723376452560 6.371869087219238 716
1723376452812 7.36106014251709 717
1723376453101 5.750596523284912 718
1723376453360 6.567210674285889 719
1723376453610 7.072911739349365 720
1723376453861 5.342864513397217 721
1723376454117 8.765755653381348 722
1723376454378 4.9903411865234375 723
1723376454635 6.625341415405273 724
1723376454886 7.3197855949401855 725
1723376455141 6.842341899871826 726
1723376455399 9.142949104309082 727
1723376455647 7.273046493530273 728
1723376455902 5.166632652282715 729
1723376456157 7.480607986450195 730
1723376456415 5.1502532958984375 731
1723376456667 5.651923656463623 732
1723376456920 9.517327308654785 733
1723376457173 8.47683048248291 734
1723376457432 6.97756290435791 735
1723376457686 6.398045063018799 736
1723376457944 8.357292175292969 737
1723376458200 6.136499881744385 738
1723376458461 9.2868070602417 739
1723376458716 4.752299785614014 740
1723376458974 5.3200860023498535 741
1723376459232 5.981736660003662 742
1723376459492 8.436447143554688 743
1723376459743 8.824601173400879 744
1723376459995 7.411016464233398 745
1723376460259 8.2131929397583 746
1723376460513 8.394576072692871 747
1723376460766 7.250768184661865 748
1723376461018 4.804106712341309 749
1723376461270 6.456769943237305 750
1723376461526 5.005357265472412 751
1723376461785 6.8332109451293945 752
1723376462037 4.898438453674316 753
1723376462291 10.332877159118652 754
1723376462567 4.4916887283325195 755
1723376462825 4.887295246124268 756
1723376463076 6.626577377319336 757
1723376463333 7.333276271820068 758
1723376463593 6.814362525939941 759
1723376463853 7.797155380249023 760
1723376464107 8.064467430114746 761
1723376464369 7.914851665496826 762
1723376464625 8.722538948059082 763
1723376464882 4.385036945343018 764
1723376465151 5.981965065002441 765
1723376465408 7.5334296226501465 766
1723376465660 7.984745979309082 767
1723376465924 5.263783931732178 768
1723376466175 8.5044584274292 769
1723376466426 6.9054670333862305 770
1723376466680 6.588907718658447 771
1723376466943 7.566128730773926 772
1723376467194 6.873361110687256 773
1723376467445 4.749013423919678 774
1723376467700 6.043231010437012 775
1723376467961 7.717814922332764 776
1723376468213 4.749613285064697 777
1723376468468 10.593287467956543 778
1723376468721 6.417407035827637 779
1723376468995 10.023571968078613 780
1723376469252 6.615445137023926 781
1723376469501 7.8893866539001465 782
1723376469759 8.806099891662598 783
1723376470023 5.864053726196289 784
1723376470283 8.553793907165527 785
1723376470541 7.503695011138916 786
1723376470796 5.882596492767334 787
1723376471051 6.7456746101379395 788
1723376471310 4.5998945236206055 789
1723376471561 5.642759323120117 790
1723376471814 8.50491714477539 791
1723376472073 7.505095481872559 792
1723376472326 7.708434581756592 793
1723376472602 7.272558212280273 794
1723376472858 8.289254188537598 795
1723376473114 7.668452739715576 796
1723376473453 8.909590721130371 797
1723376473848 10.51298713684082 798
1723376474113 4.865226745605469 799
1723376474396 5.1249799728393555 800
1723376474687 6.583151340484619 801
1723376474942 5.855175495147705 802
1723376475210 5.785941123962402 803
1723376475612 8.730951309204102 804
1723376475873 7.563957691192627 805
1723376476160 6.951567649841309 806
1723376476444 6.724916458129883 807
1723376476699 4.813490867614746 808
1723376476950 5.674800395965576 809
1723376477208 8.1062593460083 810
1723376477476 9.758514404296875 811
1723376477728 7.844815254211426 812
1723376477984 4.771145820617676 813
1723376478236 6.708095073699951 814
1723376478499 6.787055492401123 815
1723376478752 9.147769927978516 816
1723376479002 6.8975372314453125 817
1723376479260 7.688770771026611 818
1723376479516 6.211329936981201 819
1723376479776 5.341211795806885 820
1723376480032 7.919661998748779 821
1723376480285 8.014435768127441 822
1723376480542 10.255681991577148 823
1723376480799 8.286255836486816 824
1723376481050 7.274254322052002 825
1723376481300 6.656759738922119 826
1723376481560 9.933135986328125 827
1723376481821 8.50965404510498 828
1723376482076 5.5875444412231445 829
1723376482327 7.893425464630127 830
1723376482611 8.966031074523926 831
1723376482869 4.2275896072387695 832
1723376483125 8.784514427185059 833
1723376483385 5.817527770996094 834
1723376483640 7.060362339019775 835
1723376483900 5.003324031829834 836
1723376484150 8.038369178771973 837
1723376484411 6.0896100997924805 838
1723376484666 4.166756629943848 839
1723376484926 7.072725296020508 840
1723376485177 6.8017578125 841
1723376485429 6.458218574523926 842
1723376485683 8.062708854675293 843
1723376485948 7.283483982086182 844
1723376486198 9.364078521728516 845
1723376486451 7.574038028717041 846
1723376486702 5.018754959106445 847
1723376486968 6.989641189575195 848
1723376487225 5.92535924911499 849
1723376487477 9.901209831237793 850
1723376487728 7.745707035064697 851
1723376487997 7.141801834106445 852
1723376488250 5.222937107086182 853
1723376488503 6.104576110839844 854
1723376488757 6.08261775970459 855
1723376489015 7.15645170211792 856
1723376489270 7.462097644805908 857
1723376489521 6.276569843292236 858
1723376489775 7.6373090744018555 859
1723376490033 9.400022506713867 860
1723376490291 5.549134254455566 861
1723376490540 6.692139625549316 862
1723376490789 6.2016377449035645 863
1723376491044 8.72488784790039 864
1723376491313 6.968637466430664 865
1723376491565 5.396337032318115 866
1723376491818 8.628576278686523 867
1723376492075 6.093616008758545 868
1723376492339 8.693621635437012 869
1723376492619 5.631315231323242 870
1723376492879 7.006834983825684 871
1723376493131 6.999345779418945 872
1723376493394 8.893789291381836 873
1723376493645 7.976269721984863 874
1723376493901 7.862638473510742 875
1723376494158 7.5799560546875 876
1723376494421 7.128024578094482 877
1723376494674 6.420358180999756 878
1723376494925 6.972238063812256 879
1723376495177 4.3412017822265625 880
1723376495445 8.764348030090332 881
1723376495697 8.38276481628418 882
1723376495950 7.852524280548096 883
1723376496203 5.237065315246582 884
1723376496471 8.219427108764648 885
1723376496718 5.837915897369385 886
1723376496968 6.154361248016357 887
1723376497223 10.488568305969238 888
1723376497481 7.214253902435303 889
1723376497737 7.187344551086426 890
1723376497985 5.340950012207031 891
1723376498242 5.383627414703369 892
1723376498495 8.205409049987793 893
1723376498756 4.674309253692627 894
1723376499009 7.710740089416504 895
1723376499259 7.757585048675537 896
1723376499517 10.61205768585205 897
1723376499775 8.712925910949707 898
1723376500026 6.9074931144714355 899
1723376500285 5.258601188659668 900
1723376500540 8.0339937210083 901
1723376500803 8.657841682434082 902
1723376501054 5.931062698364258 903
1723376501308 8.795530319213867 904
1723376501565 6.748228073120117 905
1723376501825 8.94981861114502 906
1723376502083 4.837432861328125 907
1723376502338 5.670904159545898 908
1723376502600 7.235864162445068 909
1723376502894 10.037049293518066 910
1723376503146 6.333225727081299 911
1723376503399 6.758925437927246 912
1723376503653 5.513024806976318 913
1723376503918 7.247431755065918 914
1723376504182 8.059950828552246 915
1723376504440 7.957692623138428 916
1723376504695 5.244391918182373 917
1723376504955 7.496267795562744 918
1723376505208 5.998730182647705 919
1723376505458 5.390130519866943 920
1723376505714 7.761849403381348 921
1723376505972 6.900136470794678 922
1723376506225 5.691711902618408 923
1723376506479 7.198050022125244 924
1723376506729 8.317745208740234 925
1723376506996 7.199291706085205 926
1723376507249 5.228299140930176 927
1723376507501 7.517422676086426 928
1723376507764 7.669729709625244 929
1723376508039 6.17991304397583 930
1723376508317 7.244434833526611 931
1723376508574 7.265519142150879 932
1723376508834 7.768723011016846 933
1723376509102 7.422325134277344 934
1723376509403 6.699460983276367 935
1723376509670 9.040938377380371 936
1723376509937 6.3352885246276855 937
1723376510203 6.372330665588379 938
1723376510465 6.561645030975342 939
1723376510723 4.965317726135254 940
1723376510982 6.160043239593506 941
1723376511252 6.24127721786499 942
1723376511513 7.7364726066589355 943
1723376511775 9.986663818359375 944
1723376512032 9.856648445129395 945
1723376512296 3.9483046531677246 946
1723376512554 5.704562187194824 947
1723376512838 6.7072319984436035 948
1723376513103 9.393793106079102 949
1723376513375 5.579464912414551 950
1723376513635 6.702511787414551 951
1723376513895 9.121538162231445 952
1723376514171 7.227659225463867 953
1723376514449 4.89383602142334 954
1723376514712 5.674975395202637 955
1723376514986 6.0341644287109375 956
1723376515251 7.066174030303955 957
1723376515536 7.998528957366943 958
1723376515804 6.791945457458496 959
1723376516059 7.501699447631836 960
1723376516312 8.09700870513916 961
1723376516575 7.580578804016113 962
1723376516826 6.077355861663818 963
1723376517079 5.727301597595215 964
1723376517336 8.787249565124512 965
1723376517610 6.608537197113037 966
1723376517876 5.259920120239258 967
1723376518147 6.156774520874023 968
1723376518428 6.327830791473389 969
1723376518713 7.723089694976807 970
1723376518978 7.009825229644775 971
1723376519229 8.275382995605469 972
1723376519481 11.209833145141602 973
1723376519739 6.818094253540039 974
1723376519996 7.215506076812744 975
1723376520257 6.161359786987305 976
1723376520509 6.947447299957275 977
1723376520764 6.9337663650512695 978
1723376521021 9.47751522064209 979
1723376521277 7.806271076202393 980
1723376521529 8.785324096679688 981
1723376521793 10.045637130737305 982
1723376522044 7.020231246948242 983
1723376522296 7.1616692543029785 984
1723376522548 7.9371819496154785 985
1723376522835 8.97326374053955 986
1723376523092 7.77895450592041 987
1723376523346 6.101990699768066 988
1723376523598 4.8633341789245605 989
1723376523857 4.697672367095947 990
1723376524112 7.484857082366943 991
1723376524364 4.615532875061035 992
1723376524616 6.420488357543945 993
1723376524875 7.6172261238098145 994
1723376525133 8.499585151672363 995
1723376525383 5.705224514007568 996
1723376525641 7.199930667877197 997
1723376525895 8.535141944885254 998
1723376526158 9.042098045349121 999
