1723376259431 0.657343864440918 0
1723376259636 0.7978824973106384 1
1723376259824 0.6987669467926025 2
1723376259998 0.24555428326129913 3
1723376260171 0.34792742133140564 4
1723376260357 0.28898563981056213 5
1723376260575 0.23925505578517914 6
1723376260755 0.3037232458591461 7
1723376260941 0.19340083003044128 8
1723376261103 0.40741461515426636 9
1723376261267 0.324481338262558 10
1723376261438 0.2672249972820282 11
1723376261599 0.22577714920043945 12
1723376261758 0.13150474429130554 13
1723376261923 0.15391191840171814 14
1723376262091 0.20134960114955902 15
1723376262251 0.12588617205619812 16
1723376262412 0.3505595326423645 17
1723376262586 0.37226423621177673 18
1723376262747 0.2232804000377655 19
1723376262913 0.2214609980583191 20
1723376263086 0.2631959319114685 21
1723376263262 0.21611417829990387 22
1723376263476 0.19269314408302307 23
1723376263728 0.21661561727523804 24
1723376263977 0.2661433815956116 25
1723376264222 0.2971559166908264 26
1723376264469 0.21048502624034882 27
1723376264730 0.25481462478637695 28
1723376264978 0.17160166800022125 29
1723376265227 0.2972199320793152 30
1723376265478 0.15042893588542938 31
1723376265731 0.38943320512771606 32
1723376265983 0.1337147057056427 33
1723376266231 0.2136395424604416 34
1723376266482 0.1746324598789215 35
1723376266741 0.3051133453845978 36
1723376266997 0.24097689986228943 37
1723376267245 0.1719363033771515 38
1723376267497 0.20017831027507782 39
1723376267754 0.16002938151359558 40
1723376268009 0.13774198293685913 41
1723376268257 0.1488254964351654 42
1723376268509 0.10824644565582275 43
1723376268755 0.10305944085121155 44
1723376269015 0.1441625952720642 45
1723376269265 0.07500292360782623 46
1723376269513 0.1397855430841446 47
1723376269761 0.1455298811197281 48
1723376270024 0.13870368897914886 49
1723376270274 0.1090453639626503 50
1723376270521 0.10801176726818085 51
1723376270797 0.07079742848873138 52
1723376271056 0.11687471717596054 53
1723376271308 0.1516285240650177 54
1723376271558 0.10329969227313995 55
1723376271807 0.0768418088555336 56
1723376272061 0.16818276047706604 57
1723376272310 0.12686476111412048 58
1723376272560 0.0535087063908577 59
1723376272809 0.11515022814273834 60
1723376273063 0.08428890258073807 61
1723376273317 0.12164568156003952 62
1723376273566 0.09949050843715668 63
1723376273812 0.06296326220035553 64
1723376274064 0.11351513862609863 65
1723376274319 0.21817846596240997 66
1723376274567 0.13835056126117706 67
1723376274817 0.09580196440219879 68
1723376275065 0.06752631813287735 69
1723376275324 0.06320282816886902 70
1723376275574 0.07376214116811752 71
1723376275822 0.0867578536272049 72
1723376276077 0.10727059841156006 73
1723376276344 0.08916694670915604 74
1723376276592 0.17843055725097656 75
1723376276842 0.10063527524471283 76
1723376277092 0.11390083283185959 77
1723376277343 0.0866747796535492 78
1723376277594 0.11706855148077011 79
1723376277848 0.09545952826738358 80
1723376278103 0.1720583736896515 81
1723376278362 0.0939803496003151 82
1723376278613 0.0894913375377655 83
1723376278866 0.0914166197180748 84
1723376279121 0.09284063428640366 85
1723376279369 0.1284206360578537 86
1723376279627 0.09957775473594666 87
1723376279879 0.10851116478443146 88
1723376280139 0.09868614375591278 89
1723376280390 0.11655326187610626 90
1723376280649 0.12592652440071106 91
1723376280956 0.11716204136610031 92
1723376281210 0.08994309604167938 93
1723376281458 0.1513695865869522 94
1723376281715 0.1428634226322174 95
1723376281963 0.07539429515600204 96
1723376282214 0.1496090292930603 97
1723376282461 0.11486336588859558 98
1723376282725 0.07835669070482254 99
1723376282975 0.09370371699333191 100
1723376283227 0.11776463687419891 101
1723376283480 0.08715451508760452 102
1723376283737 0.057899657636880875 103
1723376283990 0.18969739973545074 104
1723376284238 0.12633639574050903 105
1723376284484 0.06556359678506851 106
1723376284744 0.06972270458936691 107
1723376285012 0.07782288640737534 108
1723376285259 0.07387997210025787 109
1723376285507 0.0614699125289917 110
1723376285760 0.07539545744657516 111
1723376286014 0.07837942242622375 112
1723376286265 0.06056007370352745 113
1723376286513 0.06970062851905823 114
1723376286763 0.21046559512615204 115
1723376287022 0.0641627386212349 116
1723376287269 0.09200397878885269 117
1723376287517 0.04181535914540291 118
1723376287769 0.05098896846175194 119
1723376288031 0.09016536176204681 120
1723376288281 0.05602921545505524 121
1723376288528 0.05071783438324928 122
1723376288779 0.05199972912669182 123
1723376289038 0.078626349568367 124
1723376289289 0.12204709649085999 125
1723376289536 0.06218932196497917 126
1723376289787 0.09197139739990234 127
1723376290042 0.07142091542482376 128
1723376290289 0.13688577711582184 129
1723376290536 0.13044072687625885 130
1723376290809 0.10784698277711868 131
1723376291068 0.0851164162158966 132
1723376291322 0.1365257203578949 133
1723376291570 0.08943498134613037 134
1723376291820 0.0457453578710556 135
1723376292074 0.07414928078651428 136
1723376292330 0.09448639303445816 137
1723376292582 0.11751743406057358 138
1723376292830 0.045975785702466965 139
1723376293081 0.17708082497119904 140
1723376293355 0.05965800583362579 141
1723376293603 0.08837554603815079 142
1723376293856 0.11780201643705368 143
1723376294104 0.08381862193346024 144
1723376294361 0.04584373161196709 145
1723376294610 0.07624112069606781 146
1723376294859 0.1045883446931839 147
1723376295112 0.05872516334056854 148
1723376295364 0.09741941839456558 149
1723376295616 0.08176914602518082 150
1723376295869 0.10298866778612137 151
1723376296116 0.08472146838903427 152
1723376296374 0.20612573623657227 153
1723376296628 0.06342355161905289 154
1723376296907 0.05552995204925537 155
1723376297543 0.058465614914894104 156
1723376297802 0.05617247521877289 157
1723376298054 0.060779817402362823 158
1723376298308 0.09049233794212341 159
1723376298567 0.08854023367166519 160
1723376298821 0.04851122573018074 161
1723376299076 0.07612946629524231 162
1723376299334 0.07987507432699203 163
1723376299599 0.08774662017822266 164
1723376299850 0.0589379146695137 165
1723376300104 0.08409752696752548 166
1723376300351 0.05613347515463829 167
1723376300608 0.060329847037792206 168
1723376300888 0.10184254497289658 169
1723376301143 0.05835603550076485 170
1723376301397 0.051769234240055084 171
1723376301658 0.08228573948144913 172
1723376301907 0.08692219108343124 173
1723376302159 0.09698646515607834 174
1723376302449 0.08456732332706451 175
1723376302807 0.04826522246003151 176
1723376303061 0.04940434917807579 177
1723376303311 0.08934035897254944 178
1723376303568 0.04628986120223999 179
1723376303835 0.08217407017946243 180
1723376304089 0.12912558019161224 181
1723376304339 0.05877956375479698 182
1723376304579 0.05043337121605873 183
1723376304827 0.10305788367986679 184
1723376305083 0.09709557890892029 185
1723376305329 0.06511455774307251 186
1723376305573 0.07334776222705841 187
1723376305826 0.07398500293493271 188
1723376306072 0.041380953043699265 189
1723376306319 0.0677080973982811 190
1723376306563 0.06525580585002899 191
1723376306813 0.13009697198867798 192
1723376307067 0.059710755944252014 193
1723376307317 0.045589473098516464 194
1723376307561 0.08643404394388199 195
1723376307808 0.11990045011043549 196
1723376308062 0.0771423801779747 197
1723376308314 0.05084652826189995 198
1723376308557 0.06090417131781578 199
1723376308809 0.11748158931732178 200
1723376309064 0.117507204413414 201
1723376309314 0.045994825661182404 202
1723376309559 0.07035743445158005 203
1723376309809 0.05054556205868721 204
1723376310055 0.05307711660861969 205
1723376310303 0.1043948158621788 206
1723376310546 0.05724002420902252 207
1723376310792 0.055607669055461884 208
1723376311067 0.05052611604332924 209
1723376311315 0.14409659802913666 210
1723376311556 0.09632699191570282 211
1723376311807 0.11139557510614395 212
1723376312051 0.07536106556653976 213
1723376312309 0.1826602816581726 214
1723376312554 0.06865058839321136 215
1723376312805 0.09994234144687653 216
1723376313043 0.06549807637929916 217
1723376313292 0.09037821739912033 218
1723376313547 0.03442608192563057 219
1723376313807 0.0946597084403038 220
1723376314048 0.06196145340800285 221
1723376314300 0.059238798916339874 222
1723376314548 0.0974801704287529 223
1723376314797 0.07336172461509705 224
1723376315043 0.03498819097876549 225
1723376315289 0.07646219432353973 226
1723376315541 0.16784115135669708 227
1723376315791 0.04832210764288902 228
1723376316033 0.06046823784708977 229
1723376316288 0.22958225011825562 230
1723376316575 0.04541946202516556 231
1723376316889 0.06608846783638 232
1723376317328 0.07363532483577728 233
1723376317757 0.04663708433508873 234
1723376318043 0.07634184509515762 235
1723376318369 0.07349289208650589 236
1723376318721 0.10336968302726746 237
1723376318996 0.04359911382198334 238
1723376319249 0.06342507898807526 239
1723376319514 0.09879744052886963 240
1723376319796 0.057431235909461975 241
1723376320091 0.050060395151376724 242
1723376320377 0.03916824609041214 243
1723376320663 0.0666116327047348 244
1723376320930 0.06375352293252945 245
1723376321229 0.04630684852600098 246
1723376321496 0.06073375046253204 247
1723376321767 0.054792556911706924 248
1723376322036 0.05005406588315964 249
1723376322317 0.056575462222099304 250
1723376322631 0.039212509989738464 251
1723376322998 0.06182077154517174 252
1723376323270 0.04282549396157265 253
1723376323547 0.04216836392879486 254
1723376323830 0.05220026150345802 255
1723376324122 0.047556113451719284 256
1723376324405 0.031476300209760666 257
1723376324748 0.05084792152047157 258
1723376325105 0.04602714255452156 259
1723376325378 0.07364179193973541 260
1723376325653 0.07350371778011322 261
1723376325919 0.044167693704366684 262
1723376326185 0.058022793382406235 263
1723376326507 0.05279794707894325 264
1723376327815 0.056804973632097244 265
1723376328108 0.08934538811445236 266
1723376328370 0.06467758864164352 267
1723376328642 0.06244796887040138 268
1723376328900 0.08043570816516876 269
1723376329156 0.07012370973825455 270
1723376329407 0.09467173367738724 271
1723376329658 0.09344303607940674 272
1723376329910 0.02613545022904873 273
1723376330165 0.06719941645860672 274
1723376330420 0.04327854886651039 275
1723376330675 0.05343306064605713 276
1723376330928 0.09396786242723465 277
1723376331227 0.03319745883345604 278
1723376331480 0.06030409038066864 279
1723376331731 0.0625198483467102 280
1723376331982 0.1553344428539276 281
1723376332234 0.07278645783662796 282
1723376332490 0.058273471891880035 283
1723376332740 0.05905803665518761 284
1723376332991 0.08624830842018127 285
1723376333245 0.064628466963768 286
1723376333503 0.11784327775239944 287
1723376333754 0.08970783650875092 288
1723376334006 0.10984189063310623 289
1723376334255 0.19751258194446564 290
1723376334514 0.08270765841007233 291
1723376334763 0.05770831182599068 292
1723376335016 0.08058710396289825 293
1723376335266 0.06170562654733658 294
1723376335525 0.048527903854846954 295
1723376335781 0.06216783821582794 296
1723376336040 0.07503979653120041 297
1723376336292 0.04613814502954483 298
1723376336552 0.11316683143377304 299
1723376336803 0.03861187398433685 300
1723376337057 0.054178062826395035 301
1723376337307 0.05751870572566986 302
1723376337558 0.10904055088758469 303
1723376337817 0.06789948791265488 304
1723376338162 0.10909537971019745 305
1723376338409 0.054836828261613846 306
1723376338678 0.06490540504455566 307
1723376338943 0.1069871261715889 308
1723376339225 0.041914623230695724 309
1723376339540 0.09267333149909973 310
1723376339858 0.13686878979206085 311
1723376340159 0.04651723429560661 312
1723376340448 0.0501965694129467 313
1723376340725 0.019201643764972687 314
1723376341010 0.04504780098795891 315
1723376341341 0.07757504284381866 316
1723376341610 0.043548326939344406 317
1723376341905 0.09992682933807373 318
1723376342169 0.04688936099410057 319
1723376342468 0.040481049567461014 320
1723376342732 0.09016665071249008 321
1723376343026 0.06590016931295395 322
1723376343307 0.04960504546761513 323
1723376343570 0.05556860193610191 324
1723376343840 0.05152539163827896 325
1723376344131 0.08108530938625336 326
1723376344441 0.09215231239795685 327
1723376344724 0.059379693120718 328
1723376344990 0.04453906789422035 329
1723376345258 0.05101749673485756 330
1723376345522 0.08479808270931244 331
1723376345796 0.06440939009189606 332
1723376346072 0.10264541953802109 333
1723376346380 0.04674705117940903 334
1723376346662 0.04958286136388779 335
1723376346933 0.048768650740385056 336
1723376347218 0.25769689679145813 337
1723376347492 0.07375559955835342 338
1723376347783 0.07997957617044449 339
1723376348058 0.07189401239156723 340
1723376348337 0.06116868555545807 341
1723376348600 0.08228670060634613 342
1723376348871 0.03342914953827858 343
1723376349145 0.0426182858645916 344
1723376349422 0.03853873908519745 345
1723376349695 0.1208181083202362 346
1723376350080 0.06425823271274567 347
1723376350439 0.07629241049289703 348
1723376350720 0.07451414316892624 349
1723376350984 0.05317399650812149 350
1723376351268 0.06119471415877342 351
1723376351589 0.053006332367658615 352
1723376351860 0.04101533070206642 353
1723376352162 0.12067630887031555 354
1723376352451 0.09633105248212814 355
1723376352718 0.035207390785217285 356
1723376352974 0.03532278910279274 357
1723376353232 0.049625594168901443 358
1723376353492 0.030291547998785973 359
1723376353765 0.034786298871040344 360
1723376354040 0.04752303659915924 361
1723376354331 0.08463074266910553 362
1723376354636 0.05516614764928818 363
1723376354932 0.044009290635585785 364
1723376355203 0.11920496821403503 365
1723376355490 0.06492110341787338 366
1723376355782 0.05870450288057327 367
1723376356041 0.06786458939313889 368
1723376356300 0.07257230579853058 369
1723376356563 0.062176432460546494 370
1723376356940 0.03596433624625206 371
1723376357218 0.0759105533361435 372
1723376357493 0.04585107043385506 373
1723376357773 0.06744133681058884 374
1723376358045 0.03500797972083092 375
1723376358310 0.055278029292821884 376
1723376358573 0.030976511538028717 377
1723376358910 0.04446255415678024 378
1723376359196 0.03735502436757088 379
1723376359451 0.04167204722762108 380
1723376359712 0.05300268158316612 381
1723376360029 0.060258571058511734 382
1723376360343 0.04893507808446884 383
1723376360652 0.032991401851177216 384
1723376360925 0.03894221782684326 385
1723376361195 0.059799861162900925 386
1723376361496 0.04890500754117966 387
1723376361781 0.033291395753622055 388
1723376362054 0.05506478250026703 389
1723376362334 0.07716796547174454 390
1723376362644 0.06466946005821228 391
1723376362910 0.02609855867922306 392
1723376363182 0.03053738921880722 393
1723376363466 0.043254557996988297 394
1723376363744 0.03657720237970352 395
1723376364012 0.08685803413391113 396
1723376364304 0.028860410675406456 397
1723376364569 0.06325063854455948 398
1723376364859 0.04474235326051712 399
1723376365149 0.04204064607620239 400
1723376365456 0.05698549374938011 401
1723376365739 0.051219478249549866 402
1723376366010 0.04108215868473053 403
1723376366289 0.04242440313100815 404
1723376366561 0.0333925262093544 405
1723376366825 0.035347629338502884 406
1723376367086 0.04370564594864845 407
1723376367359 0.1795966923236847 408
1723376367623 0.03773742541670799 409
1723376367891 0.05089404433965683 410
1723376368168 0.07465934753417969 411
1723376368483 0.05121457204222679 412
1723376368759 0.04656382277607918 413
1723376369028 0.09616770595312119 414
1723376369298 0.04993102699518204 415
1723376369603 0.11148922890424728 416
1723376369884 0.18637174367904663 417
1723376370141 0.0850510373711586 418
1723376370413 0.04139764606952667 419
1723376370683 0.023264147341251373 420
1723376370950 0.09056762605905533 421
1723376371220 0.07040632516145706 422
1723376371566 0.0604463592171669 423
1723376371878 0.03686825558543205 424
1723376372157 0.04382162541151047 425
1723376372460 0.07416291534900665 426
1723376372800 0.02851974032819271 427
1723376373080 0.059417810291051865 428
1723376373345 0.03724486753344536 429
1723376373607 0.03663450479507446 430
1723376373884 0.03514368087053299 431
1723376374207 0.04320211336016655 432
1723376374490 0.031134849414229393 433
1723376374790 0.04332095757126808 434
1723376375094 0.06577251106500626 435
1723376375412 0.046549342572689056 436
1723376375674 0.04679449275135994 437
1723376375948 0.04195320978760719 438
1723376376199 0.03131150081753731 439
1723376376453 0.06048240140080452 440
1723376376708 0.05656597763299942 441
1723376376973 0.026575207710266113 442
1723376377234 0.021532444283366203 443
1723376377495 0.09422221779823303 444
1723376377759 0.06878993660211563 445
1723376378051 0.02991851605474949 446
1723376378315 0.03291603922843933 447
1723376378577 0.019157785922288895 448
1723376378841 0.05369696393609047 449
1723376379116 0.04144459590315819 450
1723376379385 0.054499123245477676 451
1723376379644 0.06004732847213745 452
1723376379896 0.05541812628507614 453
1723376380168 0.03454485163092613 454
1723376380494 0.05711720511317253 455
1723376380756 0.03011067397892475 456
1723376381033 0.025174017995595932 457
1723376381309 0.05012131109833717 458
1723376381583 0.04756909981369972 459
1723376381881 0.044899266213178635 460
1723376382257 0.109138123691082 461
1723376382580 0.06525357067584991 462
1723376382860 0.049012694507837296 463
1723376383122 0.04476563632488251 464
1723376383398 0.058363813906908035 465
1723376383653 0.040276072919368744 466
1723376383912 0.027903249487280846 467
1723376384167 0.040525052696466446 468
1723376384433 0.028222884982824326 469
1723376384687 0.05508948117494583 470
1723376384962 0.04934179410338402 471
1723376385226 0.02430492639541626 472
1723376385524 0.06525291502475739 473
1723376385781 0.025629471987485886 474
1723376386041 0.09062130749225616 475
1723376386315 0.04205111786723137 476
1723376386597 0.026084447279572487 477
1723376386897 0.02588220126926899 478
1723376387177 0.07365813106298447 479
1723376387458 0.12229704856872559 480
1723376387729 0.025671441107988358 481
1723376388005 0.02554897405207157 482
1723376388272 0.0695650726556778 483
1723376388533 0.14166194200515747 484
1723376388794 0.15040497481822968 485
1723376389056 0.11596393585205078 486
1723376389309 0.20207591354846954 487
1723376389582 0.026482125744223595 488
1723376389853 0.017433255910873413 489
1723376390122 0.030845316126942635 490
1723376390392 0.029568921774625778 491
1723376390661 0.05813351646065712 492
1723376390924 0.11086378246545792 493
1723376391189 0.11310027539730072 494
1723376391443 0.02453073300421238 495
1723376391742 0.09361981600522995 496
1723376392010 0.05081833899021149 497
1723376392269 0.11581258475780487 498
1723376392546 0.03510814532637596 499
1723376392837 0.05330730229616165 500
1723376393112 0.02717127464711666 501
1723376393383 0.060151468962430954 502
1723376393651 0.059552427381277084 503
1723376393941 0.04575769230723381 504
1723376394219 0.042740244418382645 505
1723376394487 0.034514401108026505 506
1723376394765 0.05106218159198761 507
1723376395063 0.028415676206350327 508
1723376395339 0.09173914045095444 509
1723376395607 0.03473752737045288 510
1723376395868 0.0312812440097332 511
1723376396148 0.0529586486518383 512
1723376396437 0.04999217018485069 513
1723376396717 0.04757655784487724 514
1723376396989 0.024874946102499962 515
1723376397277 0.03474041447043419 516
1723376397553 0.0404064804315567 517
1723376397817 0.06219301372766495 518
1723376398089 0.02348792552947998 519
1723376398342 0.04945511743426323 520
1723376398597 0.03396705538034439 521
1723376398851 0.039447080343961716 522
1723376399116 0.10434215515851974 523
1723376399392 0.07966244220733643 524
1723376399702 0.0689396783709526 525
1723376400011 0.03935081884264946 526
1723376400328 0.0652761161327362 527
1723376400603 0.05291910097002983 528
1723376400877 0.027049727737903595 529
1723376401182 0.05033896863460541 530
1723376401460 0.04222754016518593 531
1723376401726 0.04032666236162186 532
1723376402044 0.037672415375709534 533
1723376402327 0.14425228536128998 534
1723376402602 0.02352035604417324 535
1723376402878 0.144444078207016 536
1723376403171 0.04736204072833061 537
1723376403489 0.021623337641358376 538
1723376403755 0.02883041277527809 539
1723376404050 0.029105307534337044 540
1723376404369 0.0310573261231184 541
1723376404662 0.03918711096048355 542
1723376404922 0.05516931787133217 543
1723376405188 0.030475998297333717 544
1723376405485 0.050877075642347336 545
1723376405761 0.046247150748968124 546
1723376406051 0.07935972511768341 547
1723376406313 0.04972636699676514 548
1723376406608 0.03926471620798111 549
1723376406885 0.020048104226589203 550
1723376407158 0.02349487505853176 551
1723376407442 0.0912652462720871 552
1723376407710 0.02732572890818119 553
1723376407978 0.10070209205150604 554
1723376408243 0.026054304093122482 555
1723376408515 0.03388506546616554 556
1723376408796 0.03228560462594032 557
1723376409049 0.03462351858615875 558
1723376409335 0.03736226633191109 559
1723376409601 0.05916760116815567 560
1723376409911 0.026209529489278793 561
1723376410189 0.0854925662279129 562
1723376410539 0.02409738302230835 563
1723376410864 0.022998876869678497 564
1723376411193 0.02002943493425846 565
1723376411535 0.037373144179582596 566
1723376411867 0.04280654713511467 567
1723376412185 0.05861986055970192 568
1723376412452 0.03995061665773392 569
1723376412726 0.0432245209813118 570
1723376413014 0.12221898883581161 571
1723376413304 0.03282403200864792 572
1723376413617 0.029507342725992203 573
1723376413919 0.05216806381940842 574
1723376414208 0.07453320920467377 575
1723376414500 0.01967196725308895 576
1723376414760 0.05068604648113251 577
1723376415424 0.028449198231101036 578
1723376415869 0.024805720895528793 579
1723376416150 0.0291537344455719 580
1723376416414 0.04089820384979248 581
1723376416687 0.018146300688385963 582
1723376416971 0.04464537277817726 583
1723376417252 0.16180194914340973 584
1723376417529 0.02999298833310604 585
1723376417806 0.02164112776517868 586
1723376418076 0.020840587094426155 587
1723376418362 0.041191600263118744 588
1723376418633 0.03311425819993019 589
1723376418910 0.04129303991794586 590
1723376419178 0.02582344226539135 591
1723376419445 0.05765894427895546 592
1723376419709 0.023872049525380135 593
1723376419969 0.05751502886414528 594
1723376420260 0.042054254561662674 595
1723376420532 0.04346351698040962 596
1723376420796 0.03314834088087082 597
1723376421106 0.03609701618552208 598
1723376421400 0.1822284311056137 599
1723376421659 0.019154436886310577 600
1723376421919 0.052474722266197205 601
1723376422214 0.06023164466023445 602
1723376422482 0.06255214661359787 603
1723376422740 0.02790103480219841 604
1723376422993 0.035542894154787064 605
1723376423252 0.031246239319443703 606
1723376423531 0.03618134930729866 607
1723376423797 0.025346437469124794 608
1723376424152 0.04077561944723129 609
1723376424418 0.022283487021923065 610
1723376424702 0.035009101033210754 611
1723376424984 0.0614328607916832 612
1723376425280 0.01758856698870659 613
1723376425556 0.021053411066532135 614
1723376425821 0.10724996030330658 615
1723376426091 0.028972888365387917 616
1723376426349 0.0662786066532135 617
1723376426611 0.06907343119382858 618
1723376426883 0.07225595414638519 619
1723376427145 0.05413409695029259 620
1723376427434 0.12630000710487366 621
1723376427763 0.05687270313501358 622
1723376428042 0.044719498604536057 623
1723376428343 0.05497537925839424 624
1723376428618 0.03126440942287445 625
1723376428904 0.052837975323200226 626
1723376429166 0.031846001744270325 627
1723376429438 0.02155914157629013 628
1723376429710 0.02590411901473999 629
1723376429981 0.044683415442705154 630
1723376430244 0.04525928199291229 631
1723376430533 0.02097366191446781 632
1723376430832 0.02530275657773018 633
1723376431137 0.05703501030802727 634
1723376431414 0.02839208021759987 635
1723376431685 0.04850747063755989 636
1723376431969 0.03750808164477348 637
1723376432281 0.04708937183022499 638
1723376432548 0.031176958233118057 639
1723376432823 0.039355333894491196 640
1723376433091 0.04205876588821411 641
1723376433349 0.0490734688937664 642
1723376433602 0.031773898750543594 643
1723376433857 0.052210018038749695 644
1723376434118 0.028188319876790047 645
1723376434376 0.04352514073252678 646
1723376434629 0.0670098289847374 647
1723376434884 0.03541361540555954 648
1723376435151 0.0460134893655777 649
1723376435531 0.08440461754798889 650
1723376435792 0.0540698878467083 651
1723376436046 0.019784437492489815 652
1723376436305 0.05343601480126381 653
1723376436562 0.036948062479496 654
1723376436816 0.023193707689642906 655
1723376437075 0.03340373933315277 656
1723376437339 0.019475102424621582 657
1723376437596 0.022775214165449142 658
1723376437847 0.03112749569118023 659
1723376438103 0.02849523350596428 660
1723376438358 0.049943454563617706 661
1723376438618 0.11819581687450409 662
1723376438872 0.037703342735767365 663
1723376439132 0.0649302750825882 664
1723376439392 0.02754979580640793 665
1723376439645 0.07139792293310165 666
1723376439897 0.04599659517407417 667
1723376440148 0.029072487726807594 668
1723376440403 0.025909848511219025 669
1723376440662 0.025740455836057663 670
1723376440918 0.032532092183828354 671
1723376441169 0.03545808419585228 672
1723376441424 0.027338428422808647 673
1723376441681 0.030958641320466995 674
1723376441936 0.03402074798941612 675
1723376442198 0.041520584374666214 676
1723376442502 0.01982997916638851 677
1723376442780 0.04318792000412941 678
1723376443042 0.029665522277355194 679
1723376443296 0.06342548131942749 680
1723376443562 0.02804035134613514 681
1723376443818 0.10320557653903961 682
1723376444072 0.169870987534523 683
1723376444321 0.04623794183135033 684
1723376444580 0.0182139053940773 685
1723376444843 0.058229122310876846 686
1723376445097 0.03739934414625168 687
1723376445348 0.025806251913309097 688
1723376445599 0.02907595783472061 689
1723376445862 0.02010578289628029 690
1723376446114 0.03844890743494034 691
1723376446366 0.03993379697203636 692
1723376446618 0.031097499653697014 693
1723376446884 0.018325161188840866 694
1723376447141 0.05229765549302101 695
1723376447410 0.02287442609667778 696
1723376447683 0.04544432461261749 697
1723376447952 0.03216509148478508 698
1723376448206 0.029685402289032936 699
1723376448459 0.06489928811788559 700
1723376448713 0.038065072149038315 701
1723376448974 0.05036045238375664 702
1723376449227 0.034462638199329376 703
1723376449479 0.06324558705091476 704
1723376449736 0.03624832630157471 705
1723376449995 0.0361553356051445 706
1723376450252 0.04897443205118179 707
1723376450502 0.05827651545405388 708
1723376450756 0.1622905433177948 709
1723376451010 0.02017187513411045 710
1723376451267 0.02568286843597889 711
1723376451518 0.0309621412307024 712
1723376451769 0.04061652347445488 713
1723376452028 0.025551144033670425 714
1723376452305 0.02421053871512413 715
1723376452560 0.02471352368593216 716
1723376452812 0.06058437004685402 717
1723376453101 0.04200640693306923 718
1723376453360 0.024085888639092445 719
1723376453610 0.02166024036705494 720
1723376453861 0.03005840815603733 721
1723376454117 0.03897865116596222 722
1723376454378 0.06156916916370392 723
1723376454635 0.03021407499909401 724
1723376454886 0.04836861416697502 725
1723376455141 0.019180750474333763 726
1723376455399 0.0539536252617836 727
1723376455647 0.021819837391376495 728
1723376455902 0.024077482521533966 729
1723376456157 0.095632404088974 730
1723376456415 0.027456825599074364 731
1723376456667 0.03988397866487503 732
1723376456920 0.04324251413345337 733
1723376457173 0.025722686201334 734
1723376457432 0.025784404948353767 735
1723376457686 0.06757865846157074 736
1723376457944 0.0582212433218956 737
1723376458200 0.02891726978123188 738
1723376458461 0.08857428282499313 739
1723376458716 0.040047526359558105 740
1723376458974 0.0321122370660305 741
1723376459232 0.04605052247643471 742
1723376459492 0.0758533701300621 743
1723376459743 0.022010182961821556 744
1723376459995 0.026812275871634483 745
1723376460259 0.07031343877315521 746
1723376460513 0.029734736308455467 747
1723376460766 0.02128152921795845 748
1723376461018 0.0900978222489357 749
1723376461270 0.04620295390486717 750
1723376461526 0.031433869153261185 751
1723376461785 0.21279078722000122 752
1723376462037 0.04434073343873024 753
1723376462291 0.12419898808002472 754
1723376462567 0.030212704092264175 755
1723376462825 0.040855780243873596 756
1723376463076 0.03468116372823715 757
1723376463333 0.03386063501238823 758
1723376463593 0.028167681768536568 759
1723376463853 0.021553214639425278 760
1723376464107 0.05893339589238167 761
1723376464369 0.04344445466995239 762
1723376464625 0.02985699661076069 763
1723376464882 0.02423292212188244 764
1723376465151 0.05031311884522438 765
1723376465408 0.04126574099063873 766
1723376465660 0.04631519317626953 767
1723376465924 0.03000236116349697 768
1723376466175 0.05135591700673103 769
1723376466426 0.07435174286365509 770
1723376466680 0.026760976761579514 771
1723376466943 0.0358266681432724 772
1723376467194 0.050132717937231064 773
1723376467445 0.04121144115924835 774
1723376467700 0.026519358158111572 775
1723376467961 0.1802285611629486 776
1723376468213 0.02661006711423397 777
1723376468468 0.09235390275716782 778
1723376468721 0.037828635424375534 779
1723376468995 0.021387038752436638 780
1723376469252 0.021396363154053688 781
1723376469501 0.017683623358607292 782
1723376469759 0.022172993049025536 783
1723376470023 0.024720123037695885 784
1723376470283 0.1359991878271103 785
1723376470541 0.016064204275608063 786
1723376470796 0.04087754338979721 787
1723376471051 0.02862587757408619 788
1723376471310 0.03049144335091114 789
1723376471561 0.024784954264760017 790
1723376471814 0.017531123012304306 791
1723376472073 0.015262500382959843 792
1723376472326 0.04898311570286751 793
1723376472602 0.021903347223997116 794
1723376472858 0.029476109892129898 795
1723376473114 0.029207566753029823 796
1723376473453 0.06662379950284958 797
1723376473848 0.02856338769197464 798
1723376474113 0.02047845721244812 799
1723376474396 0.0906686931848526 800
1723376474687 0.041369423270225525 801
1723376474942 0.02891405113041401 802
1723376475210 0.06895992904901505 803
1723376475612 0.028453469276428223 804
1723376475873 0.07567323744297028 805
1723376476160 0.03560979664325714 806
1723376476444 0.050219956785440445 807
1723376476699 0.03296934813261032 808
1723376476950 0.03420818969607353 809
1723376477208 0.0278000608086586 810
1723376477476 0.031134380027651787 811
1723376477728 0.030982939526438713 812
1723376477984 0.028704572468996048 813
1723376478236 0.025427233427762985 814
1723376478499 0.030676940456032753 815
1723376478752 0.017262402921915054 816
1723376479002 0.05990541726350784 817
1723376479260 0.03335391730070114 818
1723376479516 0.027399946004152298 819
1723376479776 0.023893101140856743 820
1723376480032 0.05225001648068428 821
1723376480285 0.03166719153523445 822
1723376480542 0.04365559667348862 823
1723376480799 0.02986808679997921 824
1723376481050 0.02657421864569187 825
1723376481300 0.05424317345023155 826
1723376481560 0.019882122054696083 827
1723376481821 0.07822509109973907 828
1723376482076 0.1387297809123993 829
1723376482327 0.03394659236073494 830
1723376482611 0.01809866353869438 831
1723376482869 0.03303741663694382 832
1723376483125 0.0206172876060009 833
1723376483385 0.02667221426963806 834
1723376483640 0.07172196358442307 835
1723376483900 0.03297436982393265 836
1723376484150 0.02656267024576664 837
1723376484411 0.020055340602993965 838
1723376484666 0.019977446645498276 839
1723376484926 0.02458832785487175 840
1723376485177 0.042627617716789246 841
1723376485429 0.022485937923192978 842
1723376485683 0.02650243416428566 843
1723376485948 0.022649569436907768 844
1723376486198 0.05057404190301895 845
1723376486451 0.08116418868303299 846
1723376486702 0.057417456060647964 847
1723376486968 0.0264247115701437 848
1723376487225 0.0341678224503994 849
1723376487477 0.04485507681965828 850
1723376487728 0.09494319558143616 851
1723376487997 0.020525656640529633 852
1723376488250 0.037557441741228104 853
1723376488503 0.19344192743301392 854
1723376488757 0.18798822164535522 855
1723376489015 0.045998476445674896 856
1723376489270 0.055448271334171295 857
1723376489521 0.08088069409132004 858
1723376489775 0.04438990727066994 859
1723376490033 0.02980162762105465 860
1723376490291 0.0410705991089344 861
1723376490540 0.061268579214811325 862
1723376490789 0.049264270812273026 863
1723376491044 0.03269214555621147 864
1723376491313 0.042687561362981796 865
1723376491565 0.03194693475961685 866
1723376491818 0.02867388352751732 867
1723376492075 0.04282423481345177 868
1723376492339 0.019093390554189682 869
1723376492619 0.031353909522295 870
1723376492879 0.022543635219335556 871
1723376493131 0.03574157506227493 872
1723376493394 0.06647999584674835 873
1723376493645 0.01051761582493782 874
1723376493901 0.025689218193292618 875
1723376494158 0.07324232161045074 876
1723376494421 0.03267981484532356 877
1723376494674 0.06560588628053665 878
1723376494925 0.03939017280936241 879
1723376495177 0.03399524837732315 880
1723376495445 0.020523326471447945 881
1723376495697 0.027670204639434814 882
1723376495950 0.01715719699859619 883
1723376496203 0.037563081830739975 884
1723376496471 0.056894052773714066 885
1723376496718 0.028376655653119087 886
1723376496968 0.04324593394994736 887
1723376497223 0.02977001667022705 888
1723376497481 0.02286071889102459 889
1723376497737 0.07410336285829544 890
1723376497985 0.15864194929599762 891
1723376498242 0.02635965682566166 892
1723376498495 0.043812159448862076 893
1723376498756 0.03066488727927208 894
1723376499009 0.02493998408317566 895
1723376499259 0.016670113429427147 896
1723376499517 0.05095687136054039 897
1723376499775 0.20743942260742188 898
1723376500026 0.12380389124155045 899
1723376500285 0.03290954604744911 900
1723376500540 0.012239586561918259 901
1723376500803 0.04229620471596718 902
1723376501054 0.024026360362768173 903
1723376501308 0.01890481635928154 904
1723376501565 0.05860697105526924 905
1723376501825 0.02303963340818882 906
1723376502083 0.03742700442671776 907
1723376502338 0.02427135966718197 908
1723376502600 0.019588954746723175 909
1723376502894 0.015205631032586098 910
1723376503146 0.03190164268016815 911
1723376503399 0.028474686667323112 912
1723376503653 0.039550624787807465 913
1723376503918 0.02920125052332878 914
1723376504182 0.11610109359025955 915
1723376504440 0.025190802291035652 916
1723376504695 0.024193592369556427 917
1723376504955 0.014362895861268044 918
1723376505208 0.0622706413269043 919
1723376505458 0.026568718254566193 920
1723376505714 0.03773760795593262 921
1723376505972 0.030804285779595375 922
1723376506225 0.033148445188999176 923
1723376506479 0.050936754792928696 924
1723376506729 0.06531859934329987 925
1723376506996 0.026816006749868393 926
1723376507249 0.06204886734485626 927
1723376507501 0.02006119303405285 928
1723376507764 0.03364511951804161 929
1723376508039 0.03343578800559044 930
1723376508317 0.01533238310366869 931
1723376508574 0.030187679454684258 932
1723376508834 0.05852525681257248 933
1723376509102 0.03793879225850105 934
1723376509403 0.02723395824432373 935
1723376509670 0.05513564869761467 936
1723376509937 0.056203439831733704 937
1723376510203 0.03818316385149956 938
1723376510465 0.038708534091711044 939
1723376510723 0.026225989684462547 940
1723376510982 0.025747766718268394 941
1723376511252 0.027268139645457268 942
1723376511513 0.019416721537709236 943
1723376511775 0.02550196647644043 944
1723376512032 0.01866644248366356 945
1723376512296 0.023319469764828682 946
1723376512554 0.03080390766263008 947
1723376512838 0.01956029422581196 948
1723376513103 0.04662507772445679 949
1723376513375 0.1908673793077469 950
1723376513635 0.0681329071521759 951
1723376513895 0.03061985783278942 952
1723376514171 0.027662793174386024 953
1723376514449 0.0848589688539505 954
1723376514712 0.026778679341077805 955
1723376514986 0.023416152223944664 956
1723376515251 0.028467850759625435 957
1723376515536 0.04496027156710625 958
1723376515804 0.02886403724551201 959
1723376516059 0.051135022193193436 960
1723376516312 0.07927186042070389 961
1723376516575 0.03761090710759163 962
1723376516826 0.025034336373209953 963
1723376517079 0.02722732536494732 964
1723376517336 0.034834735095500946 965
1723376517610 0.03169505298137665 966
1723376517876 0.0367048978805542 967
1723376518147 0.021723533049225807 968
1723376518428 0.013146261684596539 969
1723376518713 0.026245448738336563 970
1723376518978 0.030602339655160904 971
1723376519229 0.1281784623861313 972
1723376519481 0.11078035086393356 973
1723376519739 0.017109008505940437 974
1723376519996 0.06115507334470749 975
1723376520257 0.055865731090307236 976
1723376520509 0.030559761449694633 977
1723376520764 0.033958274871110916 978
1723376521021 0.01937633752822876 979
1723376521277 0.041552603244781494 980
1723376521529 0.0286409854888916 981
1723376521793 0.08679994195699692 982
1723376522044 0.03913673385977745 983
1723376522296 0.024156911298632622 984
1723376522548 0.01799003593623638 985
1723376522835 0.035744789987802505 986
1723376523092 0.01753402315080166 987
1723376523346 0.019700240343809128 988
1723376523598 0.029882771894335747 989
1723376523857 0.03227443993091583 990
1723376524112 0.03399865701794624 991
1723376524364 0.02526240423321724 992
1723376524616 0.04213253781199455 993
1723376524875 0.0342666320502758 994
1723376525133 0.026276377961039543 995
1723376525383 0.1358228623867035 996
1723376525641 0.03813084587454796 997
1723376525895 0.08697889745235443 998
1723376526158 0.02521466463804245 999
